519782400.000000
519782400.000000
519782404.000019
519782405.000013
519782407.000002
519782407.999997
519782409.999986
519782410.999981
519782412.000015
519782414.000005
519782414.999999
519782416.999988
519782417.999983
519782420.000012
519782421.000007
519782422.999996
519782423.999991
519782424.999985
519782427.000014
519782428.000009
519782429.999998
519782430.999993
519782432.999982
519782434.000017
519782435.000011
519782437.000000
519782437.999995
519782439.999984
519782441.000019
519782443.000008
519782444.000003
519782444.999997
519782446.999986
519782447.999981
519782450.000010
519782451.000005
519782452.000000
519782453.999989
519782454.999983
519782457.000013
519782458.000007
519782459.999996
519782460.999991
519782461.999986
519782464.000015
519782465.000010
519782466.999999
519782467.999993
519782469.999982
519782471.000017
519782472.000012
519782474.000001
519782474.999996
519782476.999985
519782478.000019
519782480.000009
519782481.000003
519782482.999992
519782483.999987
519782484.999982
519782487.000011
519782488.000005
519782489.999995
519782490.999989
519782493.000019
519782494.000013
519782495.000008
519782496.999997
519782497.999991
519782499.999981
519782501.000015
519782503.000005
519782503.999999
519782505.999988
519782506.999983
519782508.000018
519782510.000007
519782511.000001
519782512.999991
519782513.999985
519782515.000020
519782517.000009
519782518.000004
519782519.999993
519782520.999987
519782523.000017
519782524.000011
519782526.000001
519782526.999995
519782527.999990
519782530.000019
519782531.000014
519782533.000003
519782533.999997
519782535.999987
519782536.999981
519782539.000010
519782540.000005
519782541.000000
519782542.999989
519782543.999983
519782546.000013
519782547.000007
519782548.999996
519782549.999991
519782550.999986
519782553.000015
519782554.000010
519782555.999999
519782556.999993
519782558.999982
519782560.000017
519782561.000012
519782563.000001
519782563.999996
519782565.999985
519782567.000020
519782568.000014
519782570.000003
519782570.999998
519782572.999987
519782573.999982
519782576.000011
519782577.000006
519782578.000000
519782579.999989
519782580.999984
519782583.000013
519782584.000008
519782585.999997
519782586.999992
519782614.000006
519782615.999995
519782616.999990
519782619.000019
519782620.000014
519782621.000008
519782622.999997
519782623.999992
519782625.999981
519782627.000016
519782628.000011
519782630.000000
519782630.999994
519782632.999983
519782634.000018
519782635.000013
519782637.000002
519782637.999997
519782639.999986
519782640.999980
519782642.000015
519782644.000004
519782644.999999
519782645.999993
519782647.999983
519782649.000017
519782651.000006
519782652.000001
519782652.999996
519782654.999985
519782656.000020
519782658.000009
519782659.000003
519782659.999998
519782661.999987
519782662.999982
519782665.000011
519782666.000006
519782667.000000
519782668.999989
519782669.999984
519782672.000013
519782673.000008
519782674.000002
519782675.999992
519782676.999986
519782679.000016
519782680.000010
519782681.000005
519782682.999994
519782683.999988
519782686.000018
519782687.000012
519782688.000007
519782689.999996
519782690.999991
519782692.999980
519782694.000015
519782695.000009
519782696.999998
519782697.999993
519782699.999982
519782701.000017
519782703.000006
519782704.000001
519782704.999995
519782706.999984
519782708.000019
519782709.000014
519782711.000003
519782711.999997
519782713.999987
519782714.999981
519782716.000016
519782718.000005
519782719.000000
519782720.999989
519782721.999983
519782723.000018
519782725.000007
519782726.000002
519782727.999991
519782728.999986
519782729.999980
519782732.000010
519782733.000004
519782734.999993
519782735.999988
519782736.999983
519782739.000012
519782740.000007
519782741.000001
519782742.999990
519782743.999985
519782746.000014
519782747.000009
519782748.000003
519782749.999993
519782750.999987
519782753.000017
519782754.000011
519782755.000006
519782756.999995
519782757.999989
519782760.000019
519782761.000013
519782762.000008
519782763.999997
519782764.999992
519782766.999981