5.846852994181e-04 2.879793265791e-03 1.151917306316e-03
5.846853224838e-04 2.879793178928e-03 1.151917505207e-03
5.846853657996e-04 2.879793089737e-03 1.151917699638e-03
5.846854289654e-04 2.879792999014e-03 1.151917887825e-03
5.846855113999e-04 2.879792907568e-03 1.151918068038e-03
5.846856123454e-04 2.879792816215e-03 1.151918238624e-03
5.846857308751e-04 2.879792725770e-03 1.151918398014e-03
5.846858659016e-04 2.879792637040e-03 1.151918544743e-03
5.846860161865e-04 2.879792550815e-03 1.151918677463e-03
5.846861803521e-04 2.879792467865e-03 1.151918794952e-03
5.846863568936e-04 2.879792388928e-03 1.151918896128e-03
5.846865441933e-04 2.879792314704e-03 1.151918980059e-03
5.846867405351e-04 2.879792245853e-03 1.151919045969e-03
5.846869441202e-04 2.879792182983e-03 1.151919093248e-03
5.846871530835e-04 2.879792126650e-03 1.151919121455e-03
5.846873655110e-04 2.879792077349e-03 1.151919130326e-03
5.846875794568e-04 2.879792035510e-03 1.151919119770e-03
5.846877929612e-04 2.879792001495e-03 1.151919089876e-03
5.846880040685e-04 2.879791975597e-03 1.151919040910e-03
5.846882108451e-04 2.879791958031e-03 1.151918973311e-03
5.846884113966e-04 2.879791948937e-03 1.151918887689e-03
5.846886038860e-04 2.879791948380e-03 1.151918784819e-03
5.846887865495e-04 2.879791956345e-03 1.151918665633e-03
5.846889577134e-04 2.879791972737e-03 1.151918531212e-03
5.846891158092e-04 2.879791997389e-03 1.151918382778e-03
5.846892593876e-04 2.879792030054e-03 1.151918221679e-03
5.846893871321e-04 2.879792070414e-03 1.151918049379e-03
5.846894978711e-04 2.879792118080e-03 1.151917867446e-03
5.846895905881e-04 2.879792172596e-03 1.151917677535e-03
5.846896644317e-04 2.879792233444e-03 1.151917481373e-03
5.846897187227e-04 2.879792300049e-03 1.151917280747e-03
5.846897529609e-04 2.879792371780e-03 1.151917077480e-03
5.846897668293e-04 2.879792447962e-03 1.151916873425e-03
5.846897601970e-04 2.879792527880e-03 1.151916670438e-03
5.846897331205e-04 2.879792610782e-03 1.151916470366e-03
5.846896858435e-04 2.879792695892e-03 1.151916275030e-03
5.846896187938e-04 2.879792782410e-03 1.151916086208e-03
5.846895325805e-04 2.879792869526e-03 1.151915905618e-03
5.846894279874e-04 2.879792956424e-03 1.151915734903e-03
5.846893059666e-04 2.879793042290e-03 1.151915575614e-03
5.846891676295e-04 2.879793126318e-03 1.151915429201e-03
5.846890142364e-04 2.879793207721e-03 1.151915296993e-03
5.846888471855e-04 2.879793285734e-03 1.151915180192e-03
5.846886679997e-04 2.879793359625e-03 1.151915079856e-03
5.846884783129e-04 2.879793428698e-03 1.151914996895e-03
5.846882798549e-04 2.879793492302e-03 1.151914932059e-03
5.846880744357e-04 2.879793549835e-03 1.151914885932e-03
5.846878639290e-04 2.879793600751e-03 1.151914858930e-03
5.846876502549e-04 2.879793644566e-03 1.151914851290e-03
5.846874353625e-04 2.879793680859e-03 1.151914863073e-03
5.846872212121e-04 2.879793709277e-03 1.151914894166e-03
5.846870097572e-04 2.879793729542e-03 1.151914944275e-03
5.846868029265e-04 2.879793741447e-03 1.151915012934e-03
5.846866026067e-04 2.879793744865e-03 1.151915099507e-03
5.846864106247e-04 2.879793739744e-03 1.151915203196e-03
5.846862287314e-04 2.879793726111e-03 1.151915323045e-03
5.846860585854e-04 2.879793704070e-03 1.151915457950e-03
5.846859017378e-04 2.879793673804e-03 1.151915606669e-03
5.846857596185e-04 2.879793635568e-03 1.151915767836e-03
5.846856335223e-04 2.879793589692e-03 1.151915939970e-03
5.846855245980e-04 2.879793536576e-03 1.151916121488e-03
5.846854338370e-04 2.879793476685e-03 1.151916310724e-03
5.846853620650e-04 2.879793410547e-03 1.151916505940e-03
5.846853099339e-04 2.879793338746e-03 1.151916705343e-03
5.846852779163e-04 2.879793261919e-03 1.151916907103e-03
5.846852663008e-04 2.879793180747e-03 1.151917109368e-03
5.846852751894e-04 2.879793095954e-03 1.151917310280e-03
5.846853044969e-04 2.879793008294e-03 1.151917507996e-03
5.846853539513e-04 2.879792918548e-03 1.151917700700e-03
5.846854230965e-04 2.879792827516e-03 1.151917886622e-03
5.846855112964e-04 2.879792736012e-03 1.151918064054e-03
5.846856177407e-04 2.879792644851e-03 1.151918231369e-03
5.846857414525e-04 2.879792554847e-03 1.151918387026e-03
5.846858812967e-04 2.879792466802e-03 1.151918529597e-03
5.846860359911e-04 2.879792381502e-03 1.151918657770e-03
5.846862041176e-04 2.879792299705e-03 1.151918770364e-03
5.846863841353e-04 2.879792222140e-03 1.151918866344e-03
5.846865743946e-04 2.879792149496e-03 1.151918944823e-03
5.846867731524e-04 2.879792082417e-03 1.151919005076e-03
5.846869785877e-04 2.879792021496e-03 1.151919046545e-03
5.846871888187e-04 2.879791967270e-03 1.151919068842e-03
5.846874019196e-04 2.879791920214e-03 1.151919071756e-03
5.846876159385e-04 2.879791880740e-03 1.151919055252e-03
5.846878289150e-04 2.879791849187e-03 1.151919019473e-03
5.846880388983e-04 2.879791825824e-03 1.151918964738e-03
5.846882439648e-04 2.879791810845e-03 1.151918891539e-03
5.846884422360e-04 2.879791804366e-03 1.151918800538e-03
5.846886318956e-04 2.879791806428e-03 1.151918692558e-03
5.846888112058e-04 2.879791816990e-03 1.151918568578e-03
5.846889785235e-04 2.879791835938e-03 1.151918429723e-03
5.846891323152e-04 2.879791863076e-03 1.151918277256e-03
5.846892711712e-04 2.879791898138e-03 1.151918112561e-03
5.846893938180e-04 2.879791940783e-03 1.151917937136e-03
5.846894991306e-04 2.879791990602e-03 1.151917752577e-03
5.846895861422e-04 2.879792047118e-03 1.151917560562e-03
5.846896540535e-04 2.879792109795e-03 1.151917362839e-03
5.846897022395e-04 2.879792178040e-03 1.151917161208e-03
5.846897302558e-04 2.879792251211e-03 1.151916957502e-03
5.846897378423e-04 2.879792328617e-03 1.151916753577e-03
5.846897249255e-04 2.879792409531e-03 1.151916551288e-03
5.846896916195e-04 2.879792493194e-03 1.151916352477e-03
5.846896382247e-04 2.879792578821e-03 1.151916158952e-03
5.846895652250e-04 2.879792665609e-03 1.151915972476e-03
5.846894732837e-04 2.879792752745e-03 1.151915794743e-03
5.846893632372e-04 2.879792839412e-03 1.151915627372e-03
5.846892360873e-04 2.879792924799e-03 1.151915471883e-03
5.846890929922e-04 2.879793008105e-03 1.151915329691e-03
5.846889352559e-04 2.879793088549e-03 1.151915202087e-03
5.846887643162e-04 2.879793165374e-03 1.151915090229e-03
5.846885817316e-04 2.879793237859e-03 1.151914995132e-03
5.846883891669e-04 2.879793305322e-03 1.151914917657e-03
5.846881883784e-04 2.879793367126e-03 1.151914858504e-03
5.846879811973e-04 2.879793422685e-03 1.151914818207e-03
5.846877695134e-04 2.879793471472e-03 1.151914797125e-03
5.846875552577e-04 2.879793513022e-03 1.151914795444e-03
5.846873403845e-04 2.879793546934e-03 1.151914813170e-03
5.846871268539e-04 2.879793572878e-03 1.151914850133e-03
5.846869166137e-04 2.879793590597e-03 1.151914905988e-03
5.846867115816e-04 2.879793599910e-03 1.151914980217e-03
5.846865136278e-04 2.879793600711e-03 1.151915072131e-03
5.846863245577e-04 2.879793592973e-03 1.151915180885e-03
5.846861460953e-04 2.879793576747e-03 1.151915305475e-03
5.846859798681e-04 2.879793552160e-03 1.151915444754e-03
5.846858273914e-04 2.879793519419e-03 1.151915597442e-03
5.846856900549e-04 2.879793478802e-03 1.151915762134e-03
5.846855691100e-04 2.879793430660e-03 1.151915937318e-03
5.846854656580e-04 2.879793375414e-03 1.151916121384e-03
5.846853806406e-04 2.879793313548e-03 1.151916312642e-03
5.846853148310e-04 2.879793245609e-03 1.151916509334e-03
5.846852688265e-04 2.879793172197e-03 1.151916709656e-03
5.846852430436e-04 2.879793093963e-03 1.151916911769e-03
5.846852377140e-04 2.879793011602e-03 1.151917113816e-03
5.846852528824e-04 2.879792925848e-03 1.151917313943e-03
5.846852884059e-04 2.879792837464e-03 1.151917510313e-03
5.846853439559e-04 2.879792747238e-03 1.151917701122e-03
5.846854190206e-04 2.879792655975e-03 1.151917884619e-03
5.846855129097e-04 2.879792564489e-03 1.151918059118e-03
5.846856247609e-04 2.879792473597e-03 1.151918223016e-03
5.846857535477e-04 2.879792384109e-03 1.151918374807e-03
5.846858980890e-04 2.879792296823e-03 1.151918513096e-03
5.846860570594e-04 2.879792212518e-03 1.151918636610e-03
5.846862290018e-04 2.879792131943e-03 1.151918744212e-03
5.846864123403e-04 2.879792055816e-03 1.151918834912e-03
5.846866053951e-04 2.879791984813e-03 1.151918907871e-03
5.846868063974e-04 2.879791919562e-03 1.151918962415e-03
5.846870135058e-04 2.879791860639e-03 1.151918998038e-03
5.846872248233e-04 2.879791808565e-03 1.151919014405e-03
5.846874384139e-04 2.879791763794e-03 1.151919011359e-03
5.846876523214e-04 2.879791726715e-03 1.151918988921e-03
5.846878645864e-04 2.879791697649e-03 1.151918947286e-03
5.846880732645e-04 2.879791676840e-03 1.151918886828e-03
5.846882764442e-04 2.879791664459e-03 1.151918808092e-03
5.846884722643e-04 2.879791660599e-03 1.151918711789e-03
5.846886589306e-04 2.879791665275e-03 1.151918598791e-03
5.846888347328e-04 2.879791678425e-03 1.151918470123e-03
5.846889980600e-04 2.879791699909e-03 1.151918326954e-03
5.846891474151e-04 2.879791729509e-03 1.151918170584e-03
5.846892814288e-04 2.879791766936e-03 1.151918002434e-03
5.846893988721e-04 2.879791811828e-03 1.151917824035e-03
5.846894986674e-04 2.879791863753e-03 1.151917637007e-03
5.846895798984e-04 2.879791922219e-03 1.151917443053e-03
5.846896418186e-04 2.879791986669e-03 1.151917243938e-03
5.846896838579e-04 2.879792056496e-03 1.151917041474e-03
5.846897056279e-04 2.879792131040e-03 1.151916837504e-03
5.846897069257e-04 2.879792209601e-03 1.151916633884e-03
5.846896877353e-04 2.879792291440e-03 1.151916432467e-03
5.846896482280e-04 2.879792375790e-03 1.151916235086e-03
5.846895887610e-04 2.879792461858e-03 1.151916043539e-03
5.846895098737e-04 2.879792548840e-03 1.151915859567e-03
5.846894122833e-04 2.879792635919e-03 1.151915684844e-03
5.846892968777e-04 2.879792722280e-03 1.151915520960e-03
5.846891647077e-04 2.879792807113e-03 1.151915369404e-03
5.846890169775e-04 2.879792889623e-03 1.151915231554e-03
5.846888550334e-04 2.879792969036e-03 1.151915108662e-03
5.846886803516e-04 2.879793044605e-03 1.151915001843e-03
5.846884945249e-04 2.879793115621e-03 1.151914912066e-03
5.846882992477e-04 2.879793181414e-03 1.151914840144e-03
5.846880963010e-04 2.879793241362e-03 1.151914786725e-03
5.846878875359e-04 2.879793294898e-03 1.151914752291e-03
5.846876748566e-04 2.879793341512e-03 1.151914737147e-03
5.846874602031e-04 2.879793380758e-03 1.151914741424e-03
5.846872455335e-04 2.879793412258e-03 1.151914765076e-03
5.846870328060e-04 2.879793435704e-03 1.151914807878e-03
5.846868239611e-04 2.879793450861e-03 1.151914869431e-03
5.846866209036e-04 2.879793457571e-03 1.151914949164e-03
5.846864254857e-04 2.879793455753e-03 1.151915046340e-03
5.846862394896e-04 2.879793445403e-03 1.151915160063e-03
5.846860646114e-04 2.879793426595e-03 1.151915289287e-03
5.846859024456e-04 2.879793399483e-03 1.151915432820e-03
5.846857544704e-04 2.879793364293e-03 1.151915589344e-03
5.846856220345e-04 2.879793321328e-03 1.151915757419e-03
5.846855063443e-04 2.879793270960e-03 1.151915935502e-03
5.846854084533e-04 2.879793213629e-03 1.151916121957e-03
5.846853292523e-04 2.879793149840e-03 1.151916315070e-03
5.846852694611e-04 2.879793080156e-03 1.151916513070e-03
5.846852296223e-04 2.879793005194e-03 1.151916714138e-03
5.846852100959e-04 2.879792925618e-03 1.151916916428e-03
5.846852110564e-04 2.879792842137e-03 1.151917118083e-03
5.846852324910e-04 2.879792755494e-03 1.151917317251e-03
5.846852741996e-04 2.879792666461e-03 1.151917512105e-03
5.846853357970e-04 2.879792575831e-03 1.151917700856e-03
5.846854167161e-04 2.879792484413e-03 1.151917881769e-03
5.846855162131e-04 2.879792393022e-03 1.151918053183e-03
5.846856333745e-04 2.879792302475e-03 1.151918213523e-03
5.846857671253e-04 2.879792213578e-03 1.151918361317e-03
5.846859162388e-04 2.879792127125e-03 1.151918495203e-03
5.846860793480e-04 2.879792043885e-03 1.151918613952e-03
5.846862549578e-04 2.879791964600e-03 1.151918716469e-03
5.846864414591e-04 2.879791889975e-03 1.151918801810e-03
5.846866371428e-04 2.879791820671e-03 1.151918869186e-03
5.846868402164e-04 2.879791757302e-03 1.151918917973e-03
5.846870488194e-04 2.879791700427e-03 1.151918947718e-03
5.846872610410e-04 2.879791650547e-03 1.151918958140e-03
5.846874749373e-04 2.879791608097e-03 1.151918949137e-03
5.846876885491e-04 2.879791573445e-03 1.151918920782e-03
5.846878999195e-04 2.879791546888