1.712711442751e-04
1.712711440461e-04
1.712711438171e-04
1.712711435882e-04
1.712711433592e-04
1.712711431302e-04
1.712711429013e-04
1.712711426723e-04
1.712711424433e-04
1.712711422144e-04
1.712711419854e-04
1.712711417564e-04
1.712711415274e-04
1.712711412985e-04
1.712711410695e-04
1.712711408405e-04
1.712711406116e-04
1.712711403826e-04
1.712711401536e-04
1.712711399247e-04
1.712711396957e-04
1.712711394667e-04
1.712711392378e-04
1.712711390088e-04
1.712711387798e-04
1.712711385509e-04
1.712711383219e-04
1.712711380929e-04
1.712711378639e-04
1.712711376350e-04
1.712711374060e-04
1.712711371770e-04
1.712711369481e-04
1.712711367191e-04
1.712711364901e-04
1.712711362612e-04
1.712711360322e-04
1.712711358032e-04
1.712711355743e-04
1.712711353453e-04
1.712711351163e-04
1.712711348874e-04
1.712711346584e-04
1.712711344294e-04
1.712711342004e-04
1.712711339715e-04
1.712711337425e-04
1.712711335135e-04
1.712711332846e-04
1.712711330556e-04
1.712711328266e-04
1.712711325977e-04
1.712711323687e-04
1.712711321397e-04
1.712711319108e-04
1.712711316818e-04
1.712711314528e-04
1.712711312238e-04
1.712711309949e-04
1.712711307659e-04
1.712711305369e-04
1.712711303080e-04
1.712711300790e-04
1.712711298500e-04
1.712711296211e-04
1.712711293921e-04
1.712711291631e-04
1.712711289342e-04
1.712711287052e-04
1.712711284762e-04
1.712711282473e-04
1.712711280183e-04
1.712711277893e-04
1.712711275603e-04
1.712711273314e-04
1.712711271024e-04
1.712711268734e-04
1.712711266445e-04
1.712711264155e-04
1.712711261865e-04
1.712711259576e-04
1.712711257286e-04
1.712711254996e-04
1.712711252707e-04
1.712711250417e-04
1.712711248127e-04
1.712711245837e-04
1.712711243548e-04
1.712711241258e-04
1.712711238968e-04
1.712711236679e-04
1.712711234389e-04
1.712711232099e-04
1.712711229810e-04
1.712711227520e-04
1.712711225230e-04
1.712711222941e-04
1.712711220651e-04
1.712711218361e-04
1.712711216072e-04
1.712711213782e-04
1.712711211492e-04
1.712711209202e-04
1.712711206913e-04
1.712711204623e-04
1.712711202333e-04
1.712711200044e-04
1.712711197754e-04
1.712711195464e-04
1.712711193175e-04
1.712711190885e-04
1.712711188595e-04
1.712711186306e-04
1.712711184016e-04
1.712711181726e-04
1.712711179436e-04
1.712711177147e-04
1.712711174857e-04
1.712711172567e-04
1.712711170278e-04
1.712711167988e-04
1.712711165698e-04
1.712711163409e-04
1.712711161119e-04
1.712711158829e-04
1.712711156540e-04
1.712711154250e-04
1.712711151960e-04
1.712711149671e-04
1.712711147381e-04
1.712711145091e-04
1.712711142801e-04
1.712711140512e-04
1.712711138222e-04
1.712711135932e-04
1.712711133643e-04
1.712711131353e-04
1.712711129063e-04
1.712711126774e-04
1.712711124484e-04
1.712711122194e-04
1.712711119905e-04
1.712711117615e-04
1.712711115325e-04
1.712711113036e-04
1.712711110746e-04
1.712711108456e-04
1.712711106166e-04
1.712711103877e-04
1.712711101587e-04
1.712711099297e-04
1.712711097008e-04
1.712711094718e-04
1.712711092428e-04
1.712711090139e-04
1.712711087849e-04
1.712711085559e-04
1.712711083270e-04
1.712711080980e-04
1.712711078690e-04
1.712711076400e-04
1.712711074111e-04
1.712711071821e-04
1.712711069531e-04
1.712711067242e-04
1.712711064952e-04
1.712711062662e-04
1.712711060373e-04
1.712711058083e-04
1.712711055793e-04
1.712711053504e-04
1.712711051214e-04
1.712711048924e-04
1.712711046635e-04
1.712711044345e-04
1.712711042055e-04
1.712711039765e-04
1.712711037476e-04
1.712711035186e-04
1.712711032896e-04
1.712711030607e-04
1.712711028317e-04
1.712711026027e-04
1.712711023738e-04
1.712711021448e-04
1.712711019158e-04
1.712711016869e-04
1.712711014579e-04
1.712711012289e-04
1.712711010000e-04
1.712711007710e-04
1.712711005420e-04
1.712711003130e-04
1.712711000841e-04
1.712710998551e-04
1.712710996261e-04
1.712710993972e-04
1.712710991682e-04
1.712710989392e-04
1.712710987103e-04
1.712710984813e-04
1.712710982523e-04
1.712710980234e-04
1.712710977944e-04
1.712710975654e-04
1.712710973364e-04
1.712710971075e-04
1.712710968785e-04
1.712710966495e-04
1.712710964206e-04
1.712710961916e-04
1.712710959626e-04
1.712710957337e-04
1.712710955047e-04
1.712710952757e-04
1.712710950