6.828145e+06 0.000000e+00 0.000000e+00
6.828141e+06 -9.698230e+02 7.676940e+03
6.828141e+06 -9.698230e+02 7.676940e+03
6.828038e+06 -4.849109e+03 3.838465e+04
6.827991e+06 -5.818908e+03 4.606140e+04
6.827871e+06 -7.758484e+03 6.141473e+04
6.827799e+06 -8.728258e+03 6.909128e+04
6.827628e+06 -1.066777e+04 8.444411e+04
6.827529e+06 -1.163751e+04 9.212038e+04
6.827423e+06 -1.260727e+04 9.979684e+04
6.827183e+06 -1.454667e+04 1.151487e+05
6.827051e+06 -1.551634e+04 1.228245e+05
6.826760e+06 -1.745563e+04 1.381755e+05
6.826602e+06 -1.842524e+04 1.458508e+05
6.826260e+06 -2.036443e+04 1.612010e+05
6.826076e+06 -2.133396e+04 1.688757e+05
6.825683e+06 -2.327296e+04 1.842244e+05
6.825473e+06 -2.424241e+04 1.918984e+05
6.825256e+06 -2.521183e+04 1.995722e+05
6.824794e+06 -2.715062e+04 2.149193e+05
6.824550e+06 -2.811995e+04 2.225923e+05
6.824037e+06 -3.005849e+04 2.379374e+05
6.823768e+06 -3.102770e+04 2.456096e+05
6.823204e+06 -3.296602e+04 2.609529e+05
6.822909e+06 -3.393515e+04 2.686244e+05
6.822606e+06 -3.490421e+04 2.762952e+05
6.821973e+06 -3.684218e+04 2.916359e+05
6.821644e+06 -3.781110e+04 2.993057e+05
6.820961e+06 -3.974879e+04 3.146441e+05
6.820606e+06 -4.071760e+04 3.223130e+05
6.819871e+06 -4.265499e+04 3.376490e+05
6.819491e+06 -4.362361e+04 3.453164e+05
6.819102e+06 -4.459217e+04 3.529834e+05
6.818299e+06 -4.652912e+04 3.683159e+05
6.817884e+06 -4.749751e+04 3.759815e+05
6.817030e+06 -4.943415e+04 3.913116e+05
6.816590e+06 -5.040236e+04 3.989758e+05
6.816141e+06 -5.137051e+04 4.066394e+05
6.815218e+06 -5.330660e+04 4.219652e+05
6.814744e+06 -5.427455e+04 4.296273e+05
6.813770e+06 -5.621028e+04 4.449502e+05
6.813271e+06 -5.717802e+04 4.526107e+05
6.812245e+06 -5.911329e+04 4.679299e+05
6.811720e+06 -6.008081e+04 4.755886e+05
6.811186e+06 -6.104826e+04 4.832467e+05
6.810093e+06 -6.298296e+04 4.985615e+05
6.809533e+06 -6.395018e+04 5.062178e+05
6.808389e+06 -6.588436e+04 5.215284e+05
6.807804e+06 -6.685134e+04 5.291828e+05
6.806608e+06 -6.878502e+04 5.444895e+05
6.805998e+06 -6.975178e+04 5.521422e+05
6.805379e+06 -7.071841e+04 5.597938e+05
6.804115e+06 -7.265140e+04 5.750950e+05
6.803470e+06 -7.361776e+04 5.827446e+05
6.802155e+06 -7.555020e+04 5.980414e+05
6.801485e+06 -7.651632e+04 6.056890e+05
6.800119e+06 -7.844819e+04 6.209814e+05
6.799424e+06 -7.941398e+04 6.286264e+05
6.798007e+06 -8.134525e+04 6.439140e+05
6.797285e+06 -8.231074e+04 6.515566e+05
6.796556e+06 -8.327613e+04 6.591984e+05
6.795070e+06 -8.520662e+04 6.744798e+05
6.794315e+06 -8.617169e+04 6.821191e+05
6.792779e+06 -8.810149e+04 6.973951e+05
6.791998e+06 -8.906624e+04 7.050318e+05
6.790411e+06 -9.099542e+04 7.203029e+05
6.789605e+06 -9.195982e+04 7.279369e+05
6.788790e+06 -9.292411e+04 7.355701e+05
6.787135e+06 -9.485233e+04 7.508335e+05
6.786295e+06 -9.581627e+04 7.584638e+05
6.784589e+06 -9.774377e+04 7.737216e+05
6.783723e+06 -9.870738e+04 7.813494e+05
6.781966e+06 -1.006342e+05 7.966014e+05
6.781075e+06 -1.015974e+05 8.042259e+05
6.779267e+06 -1.035234e+05 8.194718e+05
6.778350e+06 -1.044862e+05 8.270932e+05
6.777425e+06 -1.054489e+05 8.347140e+05
6.775549e+06 -1.073739e+05 8.499516e+05
6.774599e+06 -1.083361e+05 8.575689e+05
6.772672e+06 -1.102603e+05 8.728001e+05
6.771696e+06 -1.112222e+05 8.804141e+05
6.770711e+06 -1.121839e+05 8.880273e+05
6.768717e+06 -1.141070e+05 9.032498e+05
6.767707e+06 -1.150683e+05 9.108593e+05
6.765662e+06 -1.169905e+05 9.260749e+05
6.764627e+06 -1.179513e+05 9.336810e+05
6.762531e+06 -1.198727e+05 9.488900e+05
6.761470e+06 -1.208331e+05 9.564925e+05
6.759323e+06 -1.227535e+05 9.716941e+05
6.758237e+06 -1.237135e+05 9.792930e+05
6.757143e+06 -1.246733e+05 9.868907e+05
6.754928e+06 -1.265925e+05 1.002083e+06
6.753808e+06 -1.275518e+05 1.009677e+06
6.751543e+06 -1.294700e+05 1.024861e+06
6.750398e+06 -1.304289e+05 1.032451e+06
6.748082e+06 -1.323461e+05 1.047627e+06
6.746912e+06 -1.333045e+05 1.055214e+06
6.744545e+06 -1.352208e+05 1.070383e+06
6.743349e+06 -1.361786e+05 1.077965e+06
6.742145e+06 -1.371363e+05 1.085546e+06
6.739711e+06 -1.390512e+05 1.100703e+06
6.738481e+06 -1.400084e+05 1.108280e+06
6.735997e+06 -1.419222e+05 1.123430e+06
6.734742e+06 -1.428789e+05 1.131003e+06
6.732207e+06 -1.447916e+05 1.146144e+06
6.730927e+06 -1.457477e+05 1.153712e+06
6.729638e+06 -1.467036e+05 1.161279e+06
6.727036e+06 -1.486150e+05 1.176409e+06
6.725722e+06 -1.495704e+05 1.183971e+06
6.723069e+06 -1.514805e+05 1.199092e+06
6.721730e+06 -1.524353e+05 1.206650e+06
6.719027e+06 -1.543444e+05 1.221761e+06
6.717663e+06 -1.552986e+05 1.229315e+06
6.716290e+06 -1.562527e+05 1.236867e+06
6.713519e+06 -1.581602e+05 1.251967e+06
6.712122e+06 -1.591136e+05 1.259514e+06
6.709301e+06 -1.610199e+05 1.274604e+06
6.707878e+06 -1.619728e+05 1.282147e+06
6.706446e+06 -1.629254e+05 1.289687e+06
6.703558e+06 -1.648301e+05 1.304765e+06
6.702102e+06 -1.657821e+05 1.312301e+06
6.699164e+06 -1.676856e+05 1.327368e+06
6.697682e+06 -1.686370e+05 1.334899e+06
6.694693e+06 -1.705392e+05 1.349956e+06
6.693187e+06 -1.714899e+05 1.357483e+06
6.691671e+06 -1.724405e+05 1.365007e+06
6.688616e+06 -1.743409e+05 1.380051e+06
6.687076e+06 -1.752908e+05 1.387570e+06
6.683970e+06 -1.771900e+05 1.402603e+06
6.682405e+06 -1.781393e+05 1.410117e+06
6.679249e+06 -1.800371e+05 1.425140e+06
6.677659e+06 -1.809856e+05 1.432649e+06
6.631570e+06 -2.065078e+05 1.634677e+06
6.627915e+06 -2.083911e+05 1.649585e+06
6.626076e+06 -2.093324e+05 1.657036e+06
6.622371e+06 -2.112142e+05 1.671932e+06
6.620506e+06 -2.121546e+05 1.679377e+06
6.618634e+06 -2.130949e+05 1.686820e+06
6.614863e+06 -2.149745e+05 1.701698e+06
6.612965e+06 -2.159139e+05 1.709135e+06
6.609145e+06 -2.177919e+05 1.724001e+06
6.607223e+06 -2.187306e+05 1.731431e+06
6.605292e+06 -2.196689e+05 1.738858e+06
6.601406e+06 -2.215447e+05 1.753707e+06
6.599450e+06 -2.224822e+05 1.761128e+06
6.595515e+06 -2.243564e+05 1.775964e+06
6.593534e+06 -2.252931e+05 1.783379e+06
6.591546e+06 -2.262295e+05 1.790791e+06
6.587544e+06 -2.281014e+05 1.805609e+06
6.585531e+06 -2.290369e+05 1.813014e+06
6.581480e+06 -2.309072e+05 1.827818e+06
6.579443e+06 -2.318418e+05 1.835217e+06
6.577397e+06 -2.327762e+05 1.842614e+06
6.573280e+06 -2.346441e+05 1.857400e+06
6.571209e+06 -2.355776e+05 1.864789e+06
6.569131e+06 -2.365109e+05 1.872176e+06
6.564948e+06 -2.383764e+05 1.886943e+06
6.562845e+06 -2.393088e+05 1.894324e+06
6.558614e+06 -2.411725e+05 1.909077e+06
6.556486e+06 -2.421039e+05 1.916450e+06
6.554349e+06 -2.430351e+05 1.923821e+06
6.550053e+06 -2.448964e+05 1.938554e+06
6.547892e+06 -2.458266e+05 1.945918e+06
6.543546e+06 -2.476861e+05 1.960638e+06
6.541361e+06 -2.486154e+05 1.967994e+06
6.539167e+06 -2.495444e+05 1.975347e+06
6.534756e+06 -2.514014e+05 1.990047e+06
6.532538e+06 -2.523294e+05 1.997393e+06
6.528078e+06 -2.541846e+05 2.012078e+06
6.525836e+06 -2.551117e+05 2.019417e+06
6.523585e+06 -2.560385e+05 2.026753e+06
6.519060e+06 -2.578910e+05 2.041418e+06
6.516785e+06 -2.588168e+05 2.048746e+06
6.512211e+06 -2.606675e+05 2.063396e+06
6.509912e+06 -2.615924e+05 2.070717e+06
6.507605e+06 -2.625169e+05 2.078035e+06
6.502966e+06 -2.643649e+05 2.092664e+06
6.500634e+06 -2.652884e+05 2.099974e+06
6.495946e+06 -2.671345e+05 2.114587e+06
6.493590e+06 -2.680570e+05 2.121890e+06
6.491226e+06 -2.689792e+05 2.129190e+06
6.486474e+06 -2.708226e+05 2.143782e+06
6.484085e+06 -2.717438e+05 2.151074e+06
6.479284e+06 -2.735852e+05 2.165650e+06
6.476871e+06 -2.745053e+05 2.172934e+06
6.474451e+06 -2.754252e+05 2.180215e+06
6.469585e+06 -2.772638e+05 2.194769e+06
6.467140e+06 -2.781826e+05 2.202042e+06
6.462226e+06 -2.800191e+05 2.216579e+06
6.459757e+06 -2.809369e+05 2.223844e+06
6.457280e+06 -2.818543e+05 2.231106e+06
6.452301e+06 -2.836880e+05 2.245622e+06
6.449800e+06 -2.846043e+05 2.252875e+06
6.444773e+06 -2.864359e+05 2.267374e+06
6.442248e+06 -2.873512e+05 2.274619e+06
6.437173e+06 -2.891807e+05 2.289101e+06
6.434623e+06 -2.900949e+05 2.296337e+06
6.432066e+06 -2.910087e+05 2.303571e+06
6.426927e+06 -2.928353e+05 2.318030e+06
6.424345e+06 -2.937480e+05 2.325255e+06
6.421755e+06 -2.946604e+05 2.332477e+06
6.416552e+06 -2.964840e+05 2.346913e+06
6.413939e+06 -2.973953e+05 2.354126e+06
6.408687e+06 -2.992167e+05 2.368544e+06
6.406050e+06 -3.001269e+05 2.3757