-90.000000 82.800000 90.000000
-156.487364 84.321746 157.993150
166.406006 79.128554 -163.754403
155.958749 72.100578 -152.529441
151.477714 64.919534 -147.624977
149.121166 57.563919 -145.221877
147.551682 50.222455 -143.982241
146.383245 42.825798 -143.567101
145.304796 35.514093 -143.671502
144.219507 28.261464 -144.256825
143.047082 21.046097 -145.328629
141.675453 14.006317 -146.800926
140.058619 7.079064 -148.781118
138.108243 0.412833 -151.228754
135.750779 -6.031455 -154.290640
132.904776 -12.086163 -157.953601
129.464641 -17.751309 -162.398792
125.371065 -22.831328 -167.611069
120.551956 -27.241022 -173.705208
114.963311 -30.863553 179.233380
108.751247 -33.492038 171.406306
102.043291 -35.049997 162.858539
95.241090 -35.430851 154.037927
88.631756 -34.655974 145.140432
82.654451 -32.800198 136.642957
77.513286 -30.006971 128.680976
73.310796 -26.425496 121.276213
70.152222 -22.262474 114.558153
67.960420 -17.641841 108.309273
66.733518 -12.757194 102.541767
66.391096 -7.691160 97.000450
66.917911 -2.615543 91.675702
68.279156 2.382397 86.381786
70.475635 7.212784 80.941443
73.499337 11.714623 75.373774
77.372689 15.806562 69.470661
82.052347 19.330434 63.310990
87.507550 22.179340 56.827155
93.675912 24.231996 50.004730
100.352189 25.393479 43.110536
107.395099 25.587829 36.189730
114.522939 24.833748 29.599359
121.584822 23.122455 23.418850
128.372583 20.594239 17.945742
134.823323 17.328977 13.230681
140.921417 13.396644 9.294083
146.670511 9.016795 6.249256
152.152120 4.204503 4.018953
157.448637 -0.816183 2.665002
162.669290 -6.055137 2.133420
167.934578 -11.285813 2.484158
173.370514 -16.461825 3.726232
179.110045 -21.534323 5.911355
-174.707679 -26.246713 9.116523
-167.952613 -30.583259 13.418300
-160.545443 -34.252949 18.839964
-152.446888 -37.203979 25.405620
-143.800952 -39.147318 32.920493
-134.809212 -40.055403 41.200548
-125.919464 -39.761201 49.751393
-117.510239 -38.335902 58.214187
-109.875602 -35.900626 66.335949
-103.313036 -32.555958 73.779051
-97.815349 -28.513242 80.645206
-93.441403 -23.918426 86.841914
-90.066498 -18.939342 92.625720
-87.669513 -13.707853 97.993740
-86.159076 -8.347516 103.158256
-85.487871 -2.963143 108.322172
-85.645486 2.328940 113.487923
-86.626489 7.429449 118.910959
-88.428011 12.214955 124.576185
-91.082807 16.565866 130.713826
-94.554465 20.347195 137.258676
-98.847618 23.410773 144.368723
-103.814880 25.634146 151.858951
-109.313257 26.894333 159.672678
-115.138091 27.083575 167.676493
-120.954645 26.223653 175.493214
-126.556443 24.284359 -176.984943
-131.685229 21.416892 -170.059023
-136.238277 17.697484 -163.773163
-140.167864 13.198236 -158.118366
-143.446841 8.136160 -153.162309
-146.119782 2.519124 -148.765712
-148.221806 -3.452176 -144.929319
-149.794762 -9.806371 -141.500035
-150.879452 -16.365236 -138.460835
-151.478088 -23.184970 -135.657460
-151.607807 -30.103633 -133.061635
-151.221520 -37.135246 -130.528644
-150.197982 -44.295533 -127.863405
-148.406607 -51.427624 -124.916289
-145.392365 -58.586898 -121.169367
-140.442288 -65.574812 -115.904375
-131.383132 -72.298456 -106.909688
-112.917357 -78.096569 -88.893035
-73.953674 -81.109257 -50.745175
-32.398570 -78.860110 -10.386226
-11.099555 -73.461649 9.333639
-0.342440 -67.058056 18.113536
6.267207 -60.467510 22.324453
11.068484 -53.792157 24.275704
15.043566 -47.268195 24.921586
18.615240 -40.839244 24.634422
22.068981 -34.687092 23.671518
25.538533 -28.804344 22.113122
29.111695 -23.191853 19.979065
32.888383 -18.027134 17.363070
36.892410 -13.266887 14.209001
41.172595 -9.089628 10.608042
45.719206 -5.469874 6.498083
50.524749 -2.575477 2.004929
55.536218 -0.424540 -2.859157
60.680819 0.960313 -8.074301
65.859977 1.474681 -13.435945
70.961929 1.164471 -18.955439
75.866510 -0.004428 -24.410700
80.466191 -1.967669 -29.774735
84.662096 -4.661566 -35.050593
88.385645 -8.030730 -40.077542
91.561791 -11.986289 -44.985810
94.163231 -16.444319 -49.674768
96.106255 -21.325928 -54.340363
97.373157 -26.534805 -58.939850
97.856985 -31.990007 -63.672036
97.374034 -37.608035 -68.800581
95.803986 -43.263867 -74.427303
92.710942 -48.832921 -81.093942
87.746696 -54.111643 -89.138165
80.091149 -58.807717 -99.461889
69.282463 -62.502254 -112.518625
52.398030 -63.636490 -131.588550
37.160887 -63.332923 -148.280335
23.199494 -61.045795 -163.342125
11.839009 -57.057586 -175.469955
3.214522 -51.981692 175.483105
-3.278667 -46.151253 168.914143
-8.247430 -39.770790 164.236895
-12.193159 -33.146073 160.969609
-15.455835 -26.268803 158.820643
-18.308585 -19.350039 157.548241
-20.933196 -12.392804 157.043411
-23.479951 -5.394841 157.264937
-26.089857 1.468981 158.141497
-28.888881 8.258197 159.744746
-32.002678 14.791614 162.066488
-35.573269 21.047681 165.220031
-39.776975 26.976429 169.367235
-44.743155 32.348030 174.559077
-50.674346 37.097985 -178.968216
-57.591414 40.949254 -171.252505
-65.467118 43.744862 -162.297594
-74.086365 45.323089 -152.288155
-82.818989 45.536243 -141.893927
-91.109003 44.428870 -131.628618
-98.493878 42.127665 -121.902954
-104.549821 38.856599 -113.166132
-109.301575 34.826132 -105.297291
-112.713578 30.292934 -98.349169
-114.951672 25.427947 -92.073764
-116.158778 20.360163 -86.227900
-116.389454 15.280854 -80.767334
-115.760873 10.253492 -75.417431
-114.302960 5.446416 -70.168375
-112.071109 0.938095 -64.854291
-109.094004 -3.185482 -59.332661
-105.409650 -6.770131 -53.672164
-101.058111 -9.746307 -47.731286
-96.133670 -11.984036 -41.662457
-90.735844 -13.415703 -35.472862
-84.985477 -13.974708 -29.207473
-79.070969 -13.636532 -23.140619
-73.118696 -12.389813 -17.291697
-67.293223 -10.306410 -11.928155
-61.676822 -7.441765 -7.095206
-56.319929 -3.845464 -2.816798
-51.245318 0.321183 0.746988
-46.424336 5.037983 3.672745
-41.796868 10.126459 5.843737
-37.281987 15.538606 7.287965
-32.787136 21.243573 8.005382
-28.151894 27.049985 7.852062
-23.229615 32.978627 6.790872
-17.757547 38.808836 4.585979
-11.444766 44.467415 1.016167
-3.892769 49.842711 -4.272839
5.411235 54.556525 -11.766264
16.932012 58.387282 -21.902514
30.665181 60.776029 -34.651119
45.703693 61.399525 -49.095701
60.361649 60.160741 -63.561291
72.847291 57.203046 -76.232505
82.746768 52.995794 -86.739421
90.080626 47.920161 -95.081449
95.472632 42.300017 -101.955922
99.232927 36.362851 -107.655822
101.764453 30.263700 -112.655032
103.323402 24.103865 -117.307413
103.993988 18.007006 -121.688555
103.903602 12.044350 -126.041736
103.108904 6.283516 -130.569250
101.612200 0.841109 -135.261141
99.428545 -4.216415 -140.343887
96.565021 -8.763111 -145.768154
93.036336 -12.702134 -151.647061
88.864965 -15.917996 -158.058505
84.168837 -18.297635 -164.827739
79.047400 -19.738220 -171.989100
73.732485 -20.194717 -179.253775
68.418961 -19.638624 173.494665
63.302707 -18.064730 166.378515
58.607626 -15.591326 159.672650
54.432650 -12.251115 153.355177
50.884031 -8.225483 147.575123
47.983041 -3.593075 142.263037
45.741210 1.583893 137.322871
44.160277 7.117832 132.772138
43.251167 13.010101 128.421359
43.018078 19.085197 124.246477
43.514557 25.312277 120.065846
44.859194 31.658987 115.656813
47.157950 37.945006 110.899279
50.678708 44.110148 105.441087
55.865786 50.044588 98.773042
63.164234 55.452934 90.454976
73.420007 60.065402 79.576662
86.941539 63.357298 65.845841
103.278185 64.820188 49.684703
120.381313 64.107024 33.125854
135.456712 61.440932 18.994362
147.613235 57.264007 8.168221
156.997583 52.200168 0.540941
164.398488 46.583989 -4.661815
170.466471 40.604548 -8.061653
175.653327 34.558184 -10.056091
-179.687146 28.439173 -10.955096
-175.316951 22.472732 -10.935111
-171.056664 16.677892 -10.112428
-166.774935 11.071401 -8.536165
-162.360650 5.861444 -6.266802
-157.737586 1.009523 -3.288239
-152.847848 -3.272103 0.340456
-147.667720 -6.951014 4.615606
-142.200252 -9.984735 9.534056
-136.508703 -12.180827 14.947724
-130.673251 -13.566716 20.835163
-124.850232 -14.009966 26.964377
-119.187249 -13.548279 33.231223
-113.830758 -12.234567 39.553421
-108.949985 -10.070849 45.696073
-104.635040 -7.189466 51.705895
-100.984695 -3.653747 57.428526
-98.040500 0.407944 62.940030
-95.844248 4.880005 68.354921
-94.422299 9.668946 73.624328
-93.830171 14.653410