0.000000e+00 -9.698232e+02 7.676941e+03
-8.549409e+00 -9.698226e+02 7.676936e+03
-8.549409e+00 -9.698226e+02 7.676936e+03
-4.274697e+01 -9.698080e+02 7.676821e+03
-5.129616e+01 -9.698014e+02 7.676768e+03
-6.839432e+01 -9.697844e+02 7.676634e+03
-7.694327e+01 -9.697740e+02 7.676552e+03
-9.404084e+01 -9.697498e+02 7.676360e+03
-1.025894e+02 -9.697358e+02 7.676249e+03
-1.111382e+02 -9.697206e+02 7.676129e+03
-1.282347e+02 -9.696866e+02 7.675860e+03
-1.367827e+02 -9.696678e+02 7.675711e+03
-1.538781e+02 -9.696265e+02 7.675384e+03
-1.624255e+02 -9.696041e+02 7.675206e+03
-1.795199e+02 -9.695555e+02 7.674822e+03
-1.880666e+02 -9.695294e+02 7.674615e+03
-2.051593e+02 -9.694735e+02 7.674173e+03
-2.137052e+02 -9.694438e+02 7.673938e+03
-2.222508e+02 -9.694128e+02 7.673693e+03
-2.393414e+02 -9.693473e+02 7.673174e+03
-2.478861e+02 -9.693127e+02 7.672900e+03
-2.649745e+02 -9.692398e+02 7.672323e+03
-2.735181e+02 -9.692016e+02 7.672021e+03
-2.906043e+02 -9.691215e+02 7.671386e+03
-2.991471e+02 -9.690796e+02 7.671055e+03
-3.076892e+02 -9.690365e+02 7.670714e+03
-3.247722e+02 -9.689467e+02 7.670003e+03
-3.333130e+02 -9.688999e+02 7.669633e+03
-3.503933e+02 -9.688028e+02 7.668864e+03
-3.589331e+02 -9.687524e+02 7.668465e+03
-3.760105e+02 -9.686481e+02 7.667639e+03
-3.845484e+02 -9.685941e+02 7.667211e+03
-3.930859e+02 -9.685388e+02 7.666774e+03
-4.101591e+02 -9.684248e+02 7.665871e+03
-4.186949e+02 -9.683659e+02 7.665405e+03
-4.357652e+02 -9.682446e+02 7.664445e+03
-4.442993e+02 -9.681821e+02 7.663950e+03
-4.528328e+02 -9.681184e+02 7.663446e+03
-4.698979e+02 -9.679873e+02 7.662409e+03
-4.784295e+02 -9.679200e+02 7.661875e+03
-4.954911e+02 -9.677816e+02 7.660781e+03
-5.040208e+02 -9.677107e+02 7.660219e+03
-5.210780e+02 -9.675651e+02 7.659066e+03
-5.296056e+02 -9.674905e+02 7.658476e+03
-5.381325e+02 -9.674147e+02 7.657876e+03
-5.551843e+02 -9.672594e+02 7.656647e+03
-5.637090e+02 -9.671800e+02 7.656018e+03
-5.807560e+02 -9.670174e+02 7.654731e+03
-5.892783e+02 -9.669343e+02 7.654073e+03
-6.063206e+02 -9.667646e+02 7.652729e+03
-6.148409e+02 -9.666778e+02 7.652043e+03
-6.233599e+02 -9.665899e+02 7.651347e+03
-6.403956e+02 -9.664105e+02 7.649927e+03
-6.489121e+02 -9.663189e+02 7.649202e+03
-6.659426e+02 -9.661322e+02 7.647724e+03
-6.744568e+02 -9.660370e+02 7.646971e+03
-6.914818e+02 -9.658431e+02 7.645435e+03
-6.999929e+02 -9.657443e+02 7.644653e+03
-7.170123e+02 -9.655431e+02 7.643060e+03
-7.255205e+02 -9.654406e+02 7.642250e+03
-7.340278e+02 -9.653370e+02 7.641429e+03
-7.510397e+02 -9.651261e+02 7.639760e+03
-7.595440e+02 -9.650189e+02 7.638911e+03
-7.765494e+02 -9.648008e+02 7.637184e+03
-7.850506e+02 -9.646899e+02 7.636307e+03
-8.020501e+02 -9.644645e+02 7.634523e+03
-8.105481e+02 -9.643500e+02 7.633617e+03
-8.190449e+02 -9.642343e+02 7.632701e+03
-8.360353e+02 -9.639993e+02 7.630841e+03
-8.445288e+02 -9.638800e+02 7.629896e+03
-8.615125e+02 -9.636378e+02 7.627979e+03
-8.700029e+02 -9.635149e+02 7.627006e+03
-8.869795e+02 -9.632654e+02 7.625031e+03
-8.954660e+02 -9.631389e+02 7.624029e+03
-9.124354e+02 -9.628822e+02 7.621997e+03
-9.209183e+02 -9.627520e+02 7.620967e+03
-9.294003e+02 -9.626207e+02 7.619927e+03
-9.463598e+02 -9.623544e+02 7.617819e+03
-9.548376e+02 -9.622194e+02 7.616751e+03
-9.717894e+02 -9.619459e+02 7.614586e+03
-9.802633e+02 -9.618073e+02 7.613489e+03
-9.887363e+02 -9.616675e+02 7.612382e+03
-1.005678e+03 -9.613844e+02 7.610141e+03
-1.014146e+03 -9.612410e+02 7.609006e+03
-1.031079e+03 -9.609506e+02 7.606708e+03
-1.039544e+03 -9.608037e+02 7.605544e+03
-1.056469e+03 -9.605061e+02 7.603189e+03
-1.064929e+03 -9.603555e+02 7.601997e+03
-1.081845e+03 -9.600508e+02 7.599584e+03
-1.090301e+03 -9.598966e+02 7.598364e+03
-1.098755e+03 -9.597412e+02 7.597134e+03
-1.115660e+03 -9.594269e+02 7.594646e+03
-1.124110e+03 -9.592679e+02 7.593387e+03
-1.141006e+03 -9.589463e+02 7.590842e+03
-1.149451e+03 -9.587838e+02 7.589555e+03
-1.166337e+03 -9.584551e+02 7.586953e+03
-1.174778e+03 -9.582889e+02 7.585638e+03
-1.191655e+03 -9.579530e+02 7.582979e+03
-1.200091e+03 -9.577832e+02 7.581635e+03
-1.208525e+03 -9.576123e+02 7.580282e+03
-1.225389e+03 -9.572668e+02 7.577547e+03
-1.233818e+03 -9.570923e+02 7.576166e+03
-1.250672e+03 -9.567397e+02 7.573374e+03
-1.259097e+03 -9.565616e+02 7.571964e+03
-1.275940e+03 -9.562018e+02 7.569116e+03
-1.284359e+03 -9.560201e+02 7.567678e+03
-1.292777e+03 -9.558372e+02 7.566230e+03
-1.309607e+03 -9.554678e+02 7.563307e+03
-1.318019e+03 -9.552814e+02 7.561831e+03
-1.334839e+03 -9.549049e+02 7.558850e+03
-1.343246e+03 -9.547148e+02 7.557346e+03
-1.360054e+03 -9.543312e+02 7.554309e+03
-1.368456e+03 -9.541376e+02 7.552777e+03
-1.376856e+03 -9.539428e+02 7.551235e+03
-1.393649e+03 -9.535496e+02 7.548122e+03
-1.402043e+03 -9.533512e+02 7.546552e+03
-1.418826e+03 -9.529509e+02 7.543383e+03
-1.427214e+03 -9.527490e+02 7.541785e+03
-1.435601e+03 -9.525459e+02 7.540177e+03
-1.452368e+03 -9.521361e+02 7.536933e+03
-1.460748e+03 -9.519294e+02 7.535297e+03
-1.477504e+03 -9.515125e+02 7.531997e+03
-1.485878e+03 -9.513022e+02 7.530332e+03
-1.502622e+03 -9.508782e+02 7.526976e+03
-1.510991e+03 -9.506644e+02 7.525283e+03
-1.519357e+03 -9.504494e+02 7.523582e+03
-1.536084e+03 -9.500159e+02 7.520150e+03
-1.544445e+03 -9.497973e+02 7.518420e+03
-1.561160e+03 -9.493567e+02 7.514932e+03
-1.569514e+03 -9.491346e+02 7.513174e+03
-1.586216e+03 -9.486869e+02 7.509630e+03
-1.594564e+03 -9.484612e+02 7.507844e+03
-1.819110e+03 -9.419237e+02 7.456094e+03
-1.835675e+03 -9.414054e+02 7.451991e+03
-1.843954e+03 -9.411445e+02 7.449926e+03
-1.860504e+03 -9.406191e+02 7.445767e+03
-1.868775e+03 -9.403547e+02 7.443674e+03
-1.877044e+03 -9.400891e+02 7.441571e+03
-1.893574e+03 -9.395544e+02 7.437339e+03
-1.901835e+03 -9.392853e+02 7.435209e+03
-1.918350e+03 -9.387436e+02 7.430921e+03
-1.926603e+03 -9.384710e+02 7.428763e+03
-1.934854e+03 -9.381972e+02 7.426595e+03
-1.951348e+03 -9.376462e+02 7.422234e+03
-1.959591e+03 -9.373689e+02 7.420039e+03
-1.976070e+03 -9.368109e+02 7.415622e+03
-1.984305e+03 -9.365301e+02 7.413399e+03
-1.992537e+03 -9.362482e+02 7.411167e+03
-2.008994e+03 -9.356808e+02 7.406677e+03
-2.017219e+03 -9.353954e+02 7.404417e+03
-2.033659e+03 -9.348211e+02 7.399871e+03
-2.041876e+03 -9.345323e+02 7.397585e+03
-2.050090e+03 -9.342422e+02 7.395288e+03
-2.066508e+03 -9.336586e+02 7.390669e+03
-2.074714e+03 -9.333651e+02 7.388345e+03
-2.082916e+03 -9.330704e+02 7.386013e+03
-2.099313e+03 -9.324775e+02 7.381320e+03
-2.107507e+03 -9.321794e+02 7.378960e+03
-2.123887e+03 -9.315796e+02 7.374212e+03
-2.132072e+03 -9.312780e+02 7.371824e+03
-2.140255e+03 -9.309752e+02 7.369427e+03
-2.156611e+03 -9.303661e+02 7.364606e+03
-2.164786e+03 -9.300599e+02 7.362182e+03
-2.181125e+03 -9.294439e+02 7.357306e+03
-2.189291e+03 -9.291342e+02 7.354855e+03
-2.197453e+03 -9.288234e+02 7.352394e+03
-2.213769e+03 -9.281982e+02 7.347445e+03
-2.221922e+03 -9.278839e+02 7.344957e+03
-2.238221e+03 -9.272518e+02 7.339954e+03
-2.246365e+03 -9.269341e+02 7.337439e+03
-2.254507e+03 -9.266152e+02 7.334914e+03
-2.270781e+03 -9.259739e+02 7.329838e+03
-2.278913e+03 -9.256515e+02 7.327287e+03
-2.295169e+03 -9.250034e+02 7.322156e+03
-2.303293e+03 -9.246776e+02 7.319577e+03
-2.311413e+03 -9.243507e+02 7.316989e+03
-2.327644e+03 -9.236934e+02 7.311786e+03
-2.335755e+03 -9.233630e+02 7.309171e+03
-2.351967e+03 -9.226988e+02 7.303913e+03
-2.360069e+03 -9.223650e+02 7.301271e+03
-2.368167e+03 -9.220301e+02 7.298620e+03
-2.384354e+03 -9.213568e+02 7.293290e+03
-2.392443e+03 -9.210185e+02 7.290612e+03
-2.408611e+03 -9.203383e+02 7.285228e+03
-2.416690e+03 -9.199965e+02 7.282523e+03
-2.424766e+03 -9.196536e+02 7.279808e+03
-2.440908e+03 -9.189644e+02 7.274352e+03
-2.448974e+03 -9.186181e+02 7.271611e+03
-2.465096e+03 -9.179220e+02 7.266101e+03
-2.473153e+03 -9.175723e+02 7.263332e+03
-2.481206e+03 -9.172214e+02 7.260555e+03
-2.497302e+03 -9.165163e+02 7.254973e+03
-2.505345e+03 -9.161620e+02 7.252169e+03
-2.521420e+03 -9.154501e+02 7.246534e+03
-2.529454e+03 -9.150924e+02 7.243702e+03
-2.545509e+03 -9.143737e+02 7.238013e+03
-2.553532e+03 -9.140127e+02 7.235155e+03
-2.561551e+03 -9.136505e+02 7.232288e+03
-2.577579e+03 -9.129228e+02 7.226528e+03
-2.585589e+03 -9.125572e+02 7.2236