8.726646e-02 8.726646e-02 3.490659e-02
8.726646e-02 8.948124e-02 2.875782e-02
8.726646e-02 9.126338e-02 2.247001e-02
8.726646e-02 9.260424e-02 1.607355e-02
8.726646e-02 9.349736e-02 9.599376e-03
8.726646e-02 9.393842e-02 3.078789e-03
8.726646e-02 9.392527e-02 -3.456685e-03
8.726646e-02 9.345799e-02 -9.975445e-03
8.726646e-02 9.253883e-02 -1.644597e-02
8.726646e-02 9.117224e-02 -2.283698e-02
8.726646e-02 8.936482e-02 -2.911758e-02
8.726646e-02 8.712532e-02 -3.525738e-02
8.726646e-02 8.446457e-02 -4.122672e-02
8.726646e-02 8.139542e-02 -4.699672e-02
8.726646e-02 7.793271e-02 -5.253948e-02
8.726646e-02 7.409320e-02 -5.782822e-02
8.726646e-02 6.989544e-02 -6.283735e-02
8.726646e-02 6.535973e-02 -6.754266e-02
8.726646e-02 6.050800e-02 -7.192139e-02
8.726646e-02 5.536371e-02 -7.595238e-02
8.726646e-02 4.995174e-02 -7.961614e-02
8.726646e-02 4.429824e-02 -8.289494e-02
8.726646e-02 3.843056e-02 -8.577294e-02
8.726646e-02 3.237706e-02 -8.823622e-02
8.726646e-02 2.616702e-02 -9.027288e-02
8.726646e-02 1.983045e-02 -9.187305e-02
8.726646e-02 1.339801e-02 -9.302902e-02
8.726646e-02 6.900787e-03 -9.373518e-02
8.726646e-02 3.701974e-04 -9.398813e-02
8.726646e-02 -6.162182e-03 -9.378663e-02
8.726646e-02 -1.266477e-02 -9.313167e-02
8.726646e-02 -1.910612e-02 -9.202641e-02
8.726646e-02 -2.545509e-02 -9.047620e-02
8.726646e-02 -3.168098e-02 -8.848853e-02
8.726646e-02 -3.775369e-02 -8.607301e-02
8.726646e-02 -4.364387e-02 -8.324132e-02
8.726646e-02 -4.932302e-02 -8.000715e-02
8.726646e-02 -5.476369e-02 -7.638615e-02
8.726646e-02 -5.993957e-02 -7.239581e-02
8.726646e-02 -6.482564e-02 -6.805543e-02
8.726646e-02 -6.939827e-02 -6.338599e-02
8.726646e-02 -7.363536e-02 -5.841009e-02
8.726646e-02 -7.751642e-02 -5.315176e-02
8.726646e-02 -8.102268e-02 -4.763644e-02
8.726646e-02 -8.413718e-02 -4.189080e-02
8.726646e-02 -8.684488e-02 -3.594261e-02
8.726646e-02 -8.913268e-02 -2.982063e-02
8.726646e-02 -9.098951e-02 -2.355448e-02
8.726646e-02 -9.240640e-02 -1.717443e-02
8.726646e-02 -9.337650e-02 -1.071134e-02
8.726646e-02 -9.389512e-02 -4.196466e-03
8.726646e-02 -9.395975e-02 2.338701e-03
8.726646e-02 -9.357008e-02 8.862560e-03
8.726646e-02 -9.272799e-02 1.534357e-02
8.726646e-02 -9.143755e-02 2.175039e-02
8.726646e-02 -8.970500e-02 2.805204e-02
8.726646e-02 -8.753872e-02 3.421807e-02
8.726646e-02 -8.494919e-02 4.021864e-02
8.726646e-02 -8.194892e-02 4.602476e-02
8.726646e-02 -7.855243e-02 5.160834e-02
8.726646e-02 -7.477612e-02 5.694239e-02
8.726646e-02 -7.063827e-02 6.200112e-02
8.726646e-02 -6.615888e-02 6.676007e-02
8.726646e-02 -6.135960e-02 7.119623e-02
8.726646e-02 -5.626365e-02 7.528816e-02
8.726646e-02 -5.089565e-02 7.901605e-02
8.726646e-02 -4.528157e-02 8.236190e-02
8.726646e-02 -3.944856e-02 8.530953e-02
8.726646e-02 -3.342480e-02 8.784467e-02
8.726646e-02 -2.723944e-02 8.995508e-02
8.726646e-02 -2.092237e-02 9.163056e-02
8.726646e-02 -1.450414e-02 9.286299e-02
8.726646e-02 -8.015775e-03 9.364642e-02
8.726646e-02 -1.488658e-03 9.397706e-02
8.726646e-02 5.045657e-03 9.385332e-02
8.726646e-02 1.155558e-02 9.327579e-02
8.726646e-02 1.800962e-02 9.224726e-02
8.726646e-02 2.437659e-02 9.077272e-02
8.726646e-02 3.062570e-02 8.885928e-02
8.726646e-02 3.672672e-02 8.651619e-02
8.726646e-02 4.265018e-02 8.375480e-02
8.726646e-02 4.836741e-02 8.058845e-02
8.726646e-02 5.385079e-02 7.703244e-02
8.726646e-02 5.907379e-02 7.310398e-02
8.726646e-02 6.401117e-02 6.882205e-02
8.726646e-02 6.863904e-02 6.420736e-02
8.726646e-02 7.293505e-02 5.928223e-02
8.726646e-02 7.687840e-02 5.407046e-02
8.726646e-02 8.045005e-02 4.859726e-02
8.726646e-02 8.363271e-02 4.288909e-02
8.726646e-02 8.641100e-02 3.697354e-02
8.726646e-02 8.877149e-02 3.087923e-02
8.726646e-02 9.070276e-02 2.463561e-02
8.726646e-02 9.219548e-02 1.827288e-02
8.726646e-02 9.324242e-02 1.182179e-02
8.726646e-02 9.383853e-02 5.313549e-03
8.726646e-02 9.398093e-02 -1.220386e-03
8.726646e-02 9.366892e-02 -7.748420e-03
8.726646e-02 9.290401e-02 -1.423899e-02
8.726646e-02 9.168991e-02 -2.066071e-02
8.726646e-02 9.003247e-02 -2.698254e-02
8.726646e-02 8.793973e-02 -3.317391e-02
8.726646e-02 8.542179e-02 -3.920487e-02
8.726646e-02 8.249083e-02 -4.504628e-02
8.726646e-02 7.916102e-02 -5.066988e-02
8.726646e-02 7.544846e-02 -5.604850e-02
8.726646e-02 7.137110e-02 -6.115611e-02
8.726646e-02 6.694865e-02 -6.596803e-02
8.726646e-02 6.220251e-02 -7.046099e-02
8.726646e-02 5.715561e-02 -7.461327e-02
8.726646e-02 5.183236e-02 -7.840478e-02
8.726646e-02 4.625850e-02 -8.181720e-02
8.726646e-02 4.046097e-02 -8.483403e-02
8.726646e-02 3.446781e-02 -8.744069e-02
8.726646e-02 2.830800e-02 -8.962455e-02
8.726646e-02 2.201132e-02 -9.137508e-02
8.726646e-02 1.560820e-02 -9.268380e-02
8.726646e-02 9.129628e-03 -9.354439e-02
8.726646e-02 2.606908e-03 -9.395269e-02
8.726646e-02 -3.928416e-03 -9.390671e-02
8.726646e-02 -1.044475e-02 -9.340670e-02
8.726646e-02 -1.691058e-02 -9.245505e-02
8.726646e-02 -2.329464e-02 -9.105637e-02
8.726646e-02 -2.956607e-02 -8.921744e-02
8.726646e-02 -3.569455e-02 -8.694712e-02
8.726646e-02 -4.165045e-02 -8.425642e-02
8.726646e-02 -4.740496e-02 -8.115832e-02
8.726646e-02 -5.293026e-02 -7.766782e-02
8.726646e-02 -5.819965e-02 -7.380179e-02
8.726646e-02 -6.318763e-02 -6.957893e-02
8.726646e-02 -6.787009e-02 -6.501964e-02
8.726646e-02 -7.222440e-02 -6.014598e-02
8.726646e-02 -7.622950e-02 -5.498151e-02
8.726646e-02 -7.986603e-02 -4.955120e-02
8.726646e-02 -8.311639e-02 -4.388130e-02
8.726646e-02 -8.596488e-02 -3.799924e-02
8.726646e-02 -8.839773e-02 -3.193345e-02
8.726646e-02 -9.040316e-02 -2.571325e-02
8.726646e-02 -9.197149e-02 -1.936874e-02
8.726646e-02 -9.309513e-02 -1.293057e-02
8.726646e-02 -9.376865e-02 -6.429879e-03
8.726646e-02 -9.398879e-02 1.018985e-04
8.726646e-02 -9.375449e-02 6.633183e-03
8.726646e-02 -9.306688e-02 1.313240e-02
8.726646e-02 -9.192928e-02 1.956811e-02
8.726646e-02 -9.034720e-02 2.590922e-02
8.726646e-02 -8.832828e-02 3.212505e-02
8.726646e-02 -8.588229e-02 3.818555e-02
8.726646e-02 -8.302105e-02 4.406142e-02
8.726646e-02 -7.975839e-02 4.972426e-02
8.726646e-02 -7.611011e-02 5.514667e-02
8.726646e-02 -7.209382e-02 6.030244e-02
8.726646e-02 -6.772895e-02 6.516665e-02
8.726646e-02 -6.303661e-02 6.971577e-02
8.726646e-02 -5.803948e-02 7.392781e-02
8.726646e-02 -5.276173e-02 7.778241e-02
8.726646e-02 -4.722887e-02 8.126092e-02
8.726646e-02 -4.146765e-02 8.434653e-02
8.726646e-02 -3.550594e-02 8.702431e-02
8.726646e-02 -2.937255e-02 8.928133e-02
8.726646e-02 -2.309715e-02 9.110667e-02
8.726646e-02 -1.671006e-02 9.249150e-02
8.726646e-02 -1.024219e-02 9.342912e-02
8.726646e-02 -3.724788e-03 9.391501e-02
8.726646e-02 2.810620e-03 9.394681e-02
8.726646e-02 9.332439e-03 9.352437e-02
8.726646e-02 1.580913e-02 9.264974e-02
8.726646e-02 2.220939e-02 9.132714e-02
8.726646e-02 2.850227e-02 8.956296e-02
8.726646e-02 3.465733e-02 8.736574e-02
8.726646e-02 4.064482e-02 8.474610e-02
8.726646e-02 4.643579e-02 8.171671e-02
8.726646e-02 5.200224e-02 7.829221e-02
8.726646e-02 5.731726e-02 7.448916e-02
8.726646e-02 6.235514e-02 7.032595e-02
8.726646e-02 6.709153e-02 6.582271e-02
8.726646e-02 7.150353e-02 6.100121e-02
8.726646e-02 7.556981e-02 5.588477e-02
8.726646e-02 7.927069e-02 5.049812e-02
8.726646e-02 8.258830e-02 4.486731e-02
8.726646e-02 8.550659e-02 3.901956e-02
8.726646e-02 8.801145e-02 3.298314e-02
8.726646e-02 9.009076e-02 2.678726e-02
8.726646e-02 9.173448e-02 2.046185e-02
8.726646e-02 9.293466e-02 1.403751e-02
8.726646e-02 9.368549e-02 7.545298e-03
8.726646e-02 9.398334e-02 1.016604e-03
8.726646e-02 9.382678e-02 -5.517007e-03
8.726646e-02 9.321656e-02 -1.202394e-02
8.726646e-02 9.215563e-02 -1.847274e-02
8.726646e-02 9.064912e-02 -2.483222e-02
8.726646e-02 8.870432e-02 -3.107164e-02
8.726646e-02 8.633062e-02 -3.716082e-02
8.726646e-02 8.353951e-02 -4.307033e-02
8.726646e-02 8.034448e-02 -4.877158e-02
8.726646e-02 7.676097e-02 -5.423703e-02
8.726646e-02 7.280633e-02 -5.944023e-02
8.726646e-02 6.849966e-02 -6.435604e-02
8.726646e-02 6.386178e-02 -6.896068e-02
8.726646e-02 5.891513e-02 -7.323189e-02
8.726646e-02 5.368363e-02 -7.714902e-02
8.726646e-02 4.819255e-02 -8.069312e-02
8.726646e-02 4.246847e-02 -8.384707e-02
8.726646e-02 3.653904e-02 -8.659562e-02
8.726646e-02 3.043295e-02 -8.892546e-02