 0.000000e+00  0.000000e+00  0.000000e+00  1.000000e+00  0.000000e+00  0.000000e+00  0.000000e+00 
 4.357777e-02  4.419678e-02  1.591965e-02  9.979450e-01  0.000000e+00  0.000000e+00  0.000000e+00 
 8.682307e-02  8.934482e-02  2.871397e-02  9.917937e-01  0.000000e+00  0.000000e+00  0.000000e+00 
 1.294057e-01  1.351756e-01  3.831234e-02  9.815874e-01  0.000000e+00  0.000000e+00  0.000000e+00 
 1.710001e-01  1.814155e-01  4.466641e-02  9.673946e-01  0.000000e+00  0.000000e+00  0.000000e+00 
 2.112872e-01  2.277883e-01  4.775048e-02  9.493103e-01  0.000000e+00  0.000000e+00  0.000000e+00 
 2.499572e-01  2.740162e-01  4.756165e-02  9.274559e-01  0.000000e+00  0.000000e+00  0.000000e+00 
 2.867110e-01  3.198223e-01  4.411984e-02  9.019778e-01  0.000000e+00  0.000000e+00  0.000000e+00 
 3.212630e-01  3.649326e-01  3.746762e-02  8.730467e-01  0.000000e+00  0.000000e+00  0.000000e+00 
 3.533423e-01  4.090772e-01  2.766998e-02  8.408564e-01  0.000000e+00  0.000000e+00  0.000000e+00 
 3.826952e-01  4.519927e-01  1.481383e-02  8.056225e-01  0.000000e+00  0.000000e+00  0.000000e+00 
 4.090863e-01  4.934238e-01 -9.925662e-04  7.675809e-01  0.000000e+00  0.000000e+00  0.000000e+00 
 4.323008e-01  5.331250e-01 -1.962036e-02  7.269861e-01  0.000000e+00  0.000000e+00  0.000000e+00 
 4.521454e-01  5.708625e-01 -4.092097e-02  6.841096e-01  0.000000e+00  0.000000e+00  0.000000e+00 
 4.684500e-01  6.064154e-01 -6.472712e-02  6.392381e-01  0.000000e+00  0.000000e+00  0.000000e+00 
 4.810686e-01  6.395775e-01 -9.085397e-02  5.926712e-01  0.000000e+00  0.000000e+00  0.000000e+00 
 4.898805e-01  6.701585e-01 -1.191004e-01  5.447199e-01  0.000000e+00  0.000000e+00  0.000000e+00 
 4.947909e-01  6.979856e-01 -1.492504e-01  4.957040e-01  0.000000e+00  0.000000e+00  0.000000e+00 
 4.957319e-01  7.229042e-01 -1.810743e-01  4.459502e-01  0.000000e+00  0.000000e+00  0.000000e+00 
 4.926625e-01  7.447794e-01 -2.143310e-01  3.957896e-01  0.000000e+00  0.000000e+00  0.000000e+00 
 4.855696e-01  7.634968e-01 -2.487688e-01  3.455559e-01  0.000000e+00  0.000000e+00  0.000000e+00 
 4.744671e-01  7.789630e-01 -2.841276e-01  2.955827e-01  0.000000e+00  0.000000e+00  0.000000e+00 
 4.593968e-01  7.911065e-01 -3.201405e-01  2.462013e-01  0.000000e+00  0.000000e+00  0.000000e+00 
 4.404273e-01  7.998783e-01 -3.565360e-01  1.977387e-01  0.000000e+00  0.000000e+00  0.000000e+00 
 4.176543e-01  8.052517e-01 -3.930392e-01  1.505151e-01  0.000000e+00  0.000000e+00  0.000000e+00 
 3.911994e-01  8.072231e-01 -4.293742e-01  1.048418e-01  0.000000e+00  0.000000e+00  0.000000e+00 
 3.612093e-01  8.058116e-01 -4.652658e-01  6.101907e-02  0.000000e+00  0.000000e+00  0.000000e+00 
 3.278551e-01  8.010591e-01 -5.004414e-01  1.933423e-02  0.000000e+00  0.000000e+00  0.000000e+00 
 2.913310e-01  7.930299e-01 -5.346328e-01 -1.994051e-02  0.000000e+00  0.000000e+00  0.000000e+00 
 2.518530e-01  7.818102e-01 -5.675782e-01 -5.654975e-02  0.000000e+00  0.000000e+00  0.000000e+00 
 2.096573e-01  7.675076e-01 -5.990239e-01 -9.025674e-02  0.000000e+00  0.000000e+00  0.000000e+00 
 1.649988e-01  7.502503e-01 -6.287260e-01 -1.208449e-01  0.000000e+00  0.000000e+00  0.000000e+00 
 1.181495e-01  7.301865e-01 -6.564518e-01 -1.481194e-01  0.000000e+00  0.000000e+00  0.000000e+00 
 6.939645e-02  7.074828e-01 -6.819822e-01 -1.719084e-01  0.000000e+00  0.000000e+00  0.000000e+00 
 1.903981e-02  6.823236e-01 -7.051123e-01 -1.920641e-01  0.000000e+00  0.000000e+00  0.000000e+00 
-3.260908e-02  6.549095e-01 -7.256534e-01 -2.084642e-01  0.000000e+00  0.000000e+00  0.000000e+00 
-8.522987e-02  6.254563e-01 -7.434338e-01 -2.210123e-01  0.000000e+00  0.000000e+00  0.000000e+00 
-1.384954e-01  5.941931e-01 -7.583006e-01 -2.296384e-01  0.000000e+00  0.000000e+00  0.000000e+00 
-1.920739e-01  5.613610e-01 -7.701201e-01 -2.343000e-01  0.000000e+00  0.000000e+00  0.000000e+00 
-2.456312e-01  5.272113e-01 -7.787792e-01 -2.349820e-01  0.000000e+00  0.000000e+00  0.000000e+00 
-2.988331e-01  4.920038e-01 -7.841860e-01 -2.316967e-01  0.000000e+00  0.000000e+00  0.000000e+00 
-3.513477e-01  4.560054e-01 -7.862702e-01 -2.244839e-01  0.000000e+00  0.000000e+00  0.000000e+00 
-4.028474e-01  4.194877e-01 -7.849841e-01 -2.134106e-01  0.000000e+00  0.000000e+00  0.000000e+00 
-4.530113e-01  3.827253e-01 -7.803024e-01 -1.985705e-01  0.000000e+00  0.000000e+00  0.000000e+00 
-5.015275e-01  3.459943e-01 -7.722228e-01 -1.800835e-01  0.000000e+00  0.000000e+00  0.000000e+00 
-5.480949e-01  3.095699e-01 -7.607658e-01 -1.580945e-01  0.000000e+00  0.000000e+00  0.000000e+00 
-5.924255e-01  2.737250e-01 -7.459745e-01 -1.327729e-01  0.000000e+00  0.000000e+00  0.000000e+00 
-6.342465e-01  2.387278e-01 -7.279146e-01 -1.043110e-01  0.000000e+00  0.000000e+00  0.000000e+00 
-6.733017e-01  2.048404e-01 -7.066735e-01 -7.292320e-02  0.000000e+00  0.000000e+00  0.000000e+00 
-7.093535e-01  1.723170e-01 -6.823604e-01 -3.884391e-02  0.000000e+00  0.000000e+00  0.000000e+00 
-7.421846e-01  1.414018e-01 -6.551046e-01 -2.326409e-03  0.000000e+00  0.000000e+00  0.000000e+00 
-7.715995e-01  1.123278e-01 -6.250558e-01  3.635904e-02  0.000000e+00  0.000000e+00  0.000000e+00 
-7.974255e-01  8.531463e-02 -5.923819e-01  7.692702e-02  0.000000e+00  0.000000e+00  0.000000e+00 
-8.195141e-01  6.056771e-02 -5.572687e-01  1.190789e-01  0.000000e+00  0.000000e+00  0.000000e+00 
-8.377421e-01  3.827638e-02 -5.199184e-01  1.625051e-01  0.000000e+00  0.000000e+00  0.000000e+00 
-8.520124e-01  1.861278e-02 -4.805481e-01  2.068865e-01  0.000000e+00  0.000000e+00  0.000000e+00 
-8.622543e-01  1.730625e-03 -4.393884e-01  2.518977e-01  0.000000e+00  0.000000e+00  0.000000e+00 
-8.684245e-01 -1.223582e-02 -3.966818e-01  2.972083e-01  0.000000e+00  0.000000e+00  0.000000e+00 
-8.705071e-01 -2.317268e-02 -3.526812e-01  3.424856e-01  0.000000e+00  0.000000e+00  0.000000e+00 
-8.685138e-01 -3.098722e-02 -3.076481e-01  3.873968e-01  0.000000e+00  0.000000e+00  0.000000e+00 
-8.624836e-01 -3.560851e-02 -2.618507e-01  4.316112e-01  0.000000e+00  0.000000e+00  0.000000e+00 
-8.524830e-01 -3.698789e-02 -2.155623e-01  4.748027e-01  0.000000e+00  0.000000e+00  0.000000e+00 
-8.386049e-01 -3.509934e-02 -1.690592e-01  5.166516e-01  0.000000e+00  0.000000e+00  0.000000e+00 
-8.209686e-01 -2.993960e-02 -1.226191e-01  5.568472e-01  0.000000e+00  0.000000e+00  0.000000e+00 
-7.997185e-01 -2.152825e-02 -7.651884e-02  5.950897e-01  0.000000e+00  0.000000e+00  0.000000e+00 
-7.750234e-01 -9.907571e-03 -3.103302e-02  6.310923e-01  0.000000e+00  0.000000e+00  0.000000e+00 
-7.470753e-01  4.857779e-03  1.356833e-02  6.645832e-01  0.000000e+00  0.000000e+00  0.000000e+00 
-7.160878e-01  2.268116e-02  5.702135e-02  6.953074e-01  0.000000e+00  0.000000e+00  0.000000e+00 
-6.822952e-01  4.345456e-02  9.907017e-02  7.230284e-01  0.000000e+00  0.000000e+00  0.000000e+00 
-6.459503e-01  6.704933e-02  1.394687e-01  7.475300e-01  0.000000e+00  0.000000e+00  0.000000e+00 
-6.073231e-01  9.331703e-02  1.779822e-01  7.686176e-01  0.000000e+00  0.000000e+00  0.000000e+00 
-5.666986e-01  1.220905e-01  2.143891e-01  7.861195e-01  0.000000e+00  0.000000e+00  0.000000e+00 
-5.243754e-01  1.531849e-01  2.484822e-01  7.998884e-01  0.000000e+00  0.000000e+00  0.000000e+00 
-4.806630e-01  1.863992e-01  2.800701e-01  8.098019e-01  0.000000e+00  0.000000e+00  0.000000e+00 
-4.358802e-01  2.215170e-01  3.089790e-01  8.157638e-01  0.000000e+00  0.000000e+00  0.000000e+00 
-3.903526e-01  2.583089e-01  3.350532e-01  8.177046e-01  0.000000e+00  0.000000e+00  0.000000e+00 
-3.444104e-01  2.965330e-01  3.581565e-01  8.155817e-01  0.000000e+00  0.000000e+00  0.000000e+00 
-2.983866e-01  3.359376e-01  3.781731e-01  8.093803e-01  0.000000e+00  0.000000e+00  0.000000e+00 
-2.526141e-01  3.762621e-01  3.950084e-01  7.991129e-01  0.000000e+00  0.000000e+00  0.000000e+00 
-2.074236e-01  4.172390e-01  4.085895e-01  7.848195e-01  0.000000e+00  0.000000e+00  0.000000e+00 
-1.631417e-01  4.585961e-01  4.188659e-01  7.665675e-01  0.000000e+00  0.000000e+00  0.000000e+00 
-1.200883e-01  5.000579e-01  4.258096e-01  7.444509e-01  0.000000e+00  0.000000e+00  0.000000e+00 
-7.857455e-02  5.413476e-01  4.294154e-01  7.185897e-01  0.000000e+00  0.000000e+00  0.000000e+00 
-3.890060e-02  5.821891e-01  4.297011e-01  6.891295e-01  0.000000e+00  0.000000e+00  0.000000e+00 
-1.353769e-03  6.223088e-01  4.267071e-01  6.562400e-01  0.000000e+00  0.000000e+00  0.000000e+00 
 3.379359e-02  6.614374e-01  4.204961e-01  6.201142e-01  0.000000e+00  0.000000e+00  0.000000e+00 
 6.628589e-02  6.993118e-01  4.111531e-01  5.809667e-01  0.000000e+00  0.000000e+00  0.000000e+00 
 9.588604e-02  7.356770e-01  3.987841e-01  5.390329e-01  0.000000e+00  0.000000e+00  0.000000e+00 
 1.223771e-01  7.702877e-01  3.835161e-01  4.945667e-01  0.000000e+00  0.000000e+00  0.000000e+00 
 1.455638e-01  8.029099e-01  3.654957e-01  4.478391e-01  0.000000e+00  0.000000e+00  0.000000e+00 
 1.652736e-01  8.333228e-01  3.448884e-01  3.991363e-01  0.000000e+00  0.000000e+00  0.000000e+00 
 1.813584e-01  8.613199e-01  3.218773e-01  3.487581e-01  0.000000e+00  0.000000e+00  0.000000e+00 
 1.936951e-01  8.867107e-01  2.966619e-01  2.970152e-01  0.000000e+00  0.000000e+00  0.000000e+00 
 2.021866e-01  9.093220e-01  2.694568e-01  2.442275e-01  0.000000e+00  0.000000e+00  0.000000e+00 
 2.067622e-01  9.289989e-01  2.404901e-01  1.907219e-01  0.000000e+00  0.000000e+00  0.000000e+00 
 2.073789e-01  9.456060e-01  2.100019e-01  1.368301e-01  0.000000e+00  0.000000e+00  0.000000e+00 
 2.040205e-01  9.590282e-01  1.782426e-01  8.288615e-02  0.000000e+00  0.000000e+00  0.000000e+00 
 1.966987e-01  9.691716e-01  1.454713e-01  2.922441e-02  0.000000e+00  0.000000e+00  0.000000e+00 
 1.854527e-01  9.759642e-01  1.119541e-01 -2.382290e-02  0.000000e+00  0.000000e+00  0.000000e+00 
 1.703487e-01  9.793560e-01  7.796185e-02 -7.592785e-02  0.000000e+00  0.000000e+00  0.000000e+00 
 1.514796e-01  9.793201e-01  4.376882e-02 -1.267691e-01  0.000000e+00  0.000000e+00  0.000000e+00 
 1.289648e-01  9.758519e-01  9.650507e-03 -1.760340e-01  0.000000e+00  0.000000e+00  0.000000e+00 
 1.029486e-01  9.689701e-01 -2.411815e-02 -2.234208e-01  0.000000e+00  0.000000e+00  0.000000e+00 
 7.359974e-02  9.587158e-01 -5.726468e-02 -2.686407e-01  0.000000e+00  0.000000e+00  0.000000e+00 
 4.111021e-02  9.451528e-01 -8.952090e-02 -3.114197e-01  0.000000e+00  0.000000e+00  0.000000e+00 
 5.693804e-03  9.283666e-01 -1.206248e-01 -3.515007e-01  0.000000e+00  0.000000e+00  0.000000e+00 
-3.241528e-02  9.084644e-01 -1.503224e-01 -3.886449e-01  0.000000e+00  0.000000e+00  0.000000e+00 
-7.296403e-02  8.855741e-01 -1.783692e-01 -4.226337e-01  0.000000e+00  0.000000e+00  0.000000e+00 
-1.156823e-01  8.598432e-01 -2.045322e-01 -4.532702e-01  0.000000e+00  0.000000e+00  0.000000e+00 
-1.602848e-01  8.314381e-01 -2.285915e-01 -4.803804e-01  0.000000e+00  0.000000e+00  0.000000e+00 
-2.064729e-01  8.005432e-01 -2.503414e-01 -5.038142e-01  0.000000e+00  0.000000e+00  0.000000e+00 
-2.539366e-01  7.673589e-01 -2.695922e-01 -5.234468e-01  0.000000e+00  0.000000e+00  0.000000e+00 
-3.023568e-01  7.321009e-01 -2.861714e-01 -5.391796e-01  0.000000e+00  0.000000e+00  0.000000e+00 
-3.514075e-01  6.949984e-01 -2.999248e-01 -5.509402e-01  0.000000e+00  0.000000e+00  0.000000e+00 
-4.007579e-01  6.562928e-01 -3.107176e-01 -5.586837e-01  0.000000e+00  0.000000e+00  0.000000e+00 
-4.500747e-01  6.162357e-01 -3.184354e-01 -5.623924e-01  0.000000e+00  0.000000e+00  0.000000e+00 
-4.990243e-01  5.750875e-01 -3.229849e-01 -5.620763e-01  0.000000e+00  0.000000e+00  0.000000e+00 
-5.472753e-01  5.331155e-01 -3.242946e-01 -5.577729e-01  0.000000e+00  0.000000e+00  0.000000e+00 
-5.945004e-01  4.905922e-01 -3.223153e-01 -5.495466e-01  0.000000e+00  0.000000e+00  0.000000e+00 
-6.403789e-01  4.477930e-01 -3.170203e-01 -5.374891e-01  0.000000e+00  0.000000e+00  0.000000e+00 
-6.845990e-01  4.049949e-01 -3.084057e-01 -5.217177e-01  0.000000e+00  0.000000e+00  0.000000e+00 
-7.268595e-01  3.624745e-01 -2.964905e-01 -5.023753e-01  0.000000e+00  0.000000e+00  0.000000e+00 
-7.668722e-01  3.205056e-01 -2.813165e-01 -4.796293e-01  0.000000e+00  0.000000e+00  0.000000e+00 
-8.043638e-01  2.793582e-01 -2.629477e-01 -4.536699e-01  0.000000e+00  0.000000e+00  0.000000e+00 
-8.390777e-01  2.392958e-01 -2.414703e-01 -4.247095e-01  0.000000e+00  0.000000e+00  0.000000e+00 
-8.707758e-01  2.005741e-01 -2.169919e-01 -3.929809e-01  0.000000e+00  0.000000e+00  0.000000e+00 
-8.992401e-01  1.634393e-01 -1.896405e-01 -3.587357e-01  0.000000e+00  0.000000e+00  0.000000e+00 
-9.242741e-01  1.281262e-01 -1.595644e-01 -3.222427e-01  0.000000e+00  0.000000e+00  0.000000e+00 
-9.457042e-01  9.485642e-02 -1.269304e-01 -2.837859e-01  0.000000e+00  0.000000e+00  0.000000e+00 
-9.633813e-01  6.383757e-02 -9.192304e-02 -2.436626e-01  0.000000e+00  0.000000e+00  0.000000e+00 
-9.771808e-01  3.526117e-02 -5.474338e-02 -2.021817e-01  0.000000e+00  0.000000e+00  0.000000e+00 
-9.870047e-01  9.301653e-03 -1.560747e-02 -1.596610e-01  0.000000e+00  0.000000e+00  0.000000e+00 
-9.927812e-01 -1.388488e-02  2.525496e-02 -1.164254e-01  0.000000e+00  0.000000e+00  0.000000e+00 
-9.944659e-01 -3.416172e-02  6.760220e-02 -7.280480e-02  0.000000e+00  0.000000e+00  0.000000e+00 
-9.920417e-01 -5.141246e-02  1.111821e-01 -2.913142e-02  0.000000e+00  0.000000e+00  0.000000e+00 
-9.855191e-01 -6.554182e-02  1.557338e-01  1.426212e-02  0.000000e+00  0.000000e+00  0.000000e+00 
-9.749361e-01 -7.647628e-02  2.009895e-01  5.704521e-02  0.000000e+00  0.000000e+00  0.000000e+00 
-9.603580e-01 -8.416454e-02  2.466764e-01  9.889150e-02  0.000000e+00  0.000000e+00  0.000000e+00 
-9.418768e-01 -8.857793e-02  2.925184e-01  1.394811e-01  0.000000e+00  0.000000e+00  0.000000e+00 
-9.196107e-01 -8.971055e-02  3.382379e-01  1.785028e-01  0.000000e+00  0.000000e+00  0.000000e+00 
-8.937032e-01 -8.757933e-02  3.835581e-01  2.156562e-01  0.000000e+00  0.000000e+00  0.000000e+00 
-8.643223e-01 -8.222392e-02  4.282044e-01  2.506537e-01  0.000000e+00  0.000000e+00  0.000000e+00 
-8.316590e-01 -7.370637e-02  4.719064e-01  2.832225e-01  0.000000e+00  0.000000e+00  0.000000e+00 
-7.959266e-01 -6.211075e-02  5.144000e-01  3.131067e-01  0.000000e+00  0.000000e+00  0.000000e+00 
-7.573585e-01 -4.754257e-02  5.554289e-01  3.400685e-01  0.000000e+00  0.000000e+00  0.000000e+00 
-7.162073e-01 -3.012801e-02  5.947463e-01  3.638905e-01  0.000000e+00  0.000000e+00  0.000000e+00 
-6.727426e-01 -1.001313e-02  6.321170e-01  3.843765e-01  0.000000e+00  0.000000e+00  0.000000e+00 
-6.272493e-01  1.263723e-02  6.673185e-01  4.013534e-01  0.000000e+00  0.000000e+00  0.000000e+00 
-5.800260e-01  3.764047e-02  7.001429e-01  4.146722e-01  0.000000e+00  0.000000e+00  0.000000e+00 
-5.313822e-01  6.479756e-02  7.303979e-01  4.242088e-01  0.000000e+00  0.000000e+00  0.000000e+00 
-4.816371e-01  9.389437e-02  7.579085e-01  4.298654e-01  0.000000e+00  0.000000e+00  0.000000e+00 
-4.311166e-01  1.247031e-01  7.825180e-01  4.315705e-01  0.000000e+00  0.000000e+00  0.000000e+00 
-3.801518e-01  1.569840e-01  8.040892e-01  4.292799e-01  0.000000e+00  0.000000e+00  0.000000e+00 
-3.290760e-01  1.904867e-01  8.225050e-01  4.229766e-01  0.000000e+00  0.000000e+00  0.000000e+00 
-2.782234e-01  2.249523e-01  8.376697e-01  4.126714e-01  0.000000e+00  0.000000e+00  0.000000e+00 
-2.279256e-01  2.601148e-01  8.495090e-01  3.984025e-01  0.000000e+00  0.000000e+00  0.000000e+00 
-1.785106e-01  2.957032e-01  8.579713e-01  3.802353e-01  0.000000e+00  0.000000e+00  0.000000e+00 
-1.302996e-01  3.314430e-01  8.630272e-01  3.582619e-01  0.000000e+00  0.000000e+00  0.000000e+00 
-8.360518e-02  3.670586e-01  8.646704e-01  3.326007e-01  0.000000e+00  0.000000e+00  0.000000e+00 
-3.872938e-02  4.022747e-01  8.629174e-01  3.033953e-01  0.000000e+00  0.000000e+00  0.000000e+00 
 4.038698e-03  4.368184e-01  8.578072e-01  2.708139e-01  0.000000e+00  0.000000e+00  0.000000e+00 
 4.442472e-02  4.704209e-01  8.494017e-01  2.350477e-01  0.000000e+00  0.000000e+00  0.000000e+00 
 8.217099e-02  5.028198e-01  8.377843e-01  1.963101e-01  0.000000e+00  0.000000e+00  0.000000e+00 
 1.170382e-01  5.337602e-01  8.230603e-01  1.548347e-01  0.000000e+00  0.000000e+00  0.000000e+00 
 1.488071e-01  5.629971e-01  8.053556e-01  1.108742e-01  0.000000e+00  0.000000e+00  0.000000e+00 
 1.772798e-01  5.902966e-01  7.848159e-01  6.469853e-02  0.000000e+00  0.000000e+00  0.000000e+00 
 2.022815e-01  6.154377e-01  7.616057e-01  1.659280e-02  0.000000e+00  0.000000e+00  0.000000e+00 
 2.236614e-01  6.382139e-01  7.359076e-01 -3.314436e-02  0.000000e+00  0.000000e+00  0.000000e+00 
 2.412937e-01  6.584345e-01  7.079204e-01 -8.420296e-02  0.000000e+00  0.000000e+00  0.000000e+00 
 2.550784e-01  6.759258e-01  6.778580e-01 -1.362637e-01  0.000000e+00  0.000000e+00  0.000000e+00 
 2.649425e-01  6.905326e-01  6.459483e-01 -1.890003e-01  0.000000e+00  0.000000e+00  0.000000e+00 
 2.708397e-01  7.021188e-01  6.124310e-01 -2.420814e-01  0.000000e+00  0.000000e+00  0.000000e+00 
 2.727513e-01  7.105689e-01  5.775564e-01 -2.951733e-01  0.000000e+00  0.000000e+00  0.000000e+00 
 2.706862e-01  7.157882e-01  5.415837e-01 -3.479415e-01  0.000000e+00  0.000000e+00  0.000000e+00 
 2.646807e-01  7.177042e-01  5.047789e-01 -4.000540e-01  0.000000e+00  0.000000e+00  0.000000e+00 
 2.547982e-01  7.162661e-01  4.674133e-01 -4.511824e-01  0.000000e+00  0.000000e+00  0.000000e+00 
 2.411292e-01  7.114462e-01  4.297615e-01 -5.010051e-01  0.000000e+00  0.000000e+00  0.000000e+00 
 2.237900e-01  7.032392e-01  3.920996e-01 -5.492090e-01  0.000000e+00  0.000000e+00  0.000000e+00 
 2.029225e-01  6.916630e-01  3.547032e-01 -5.954917e-01  0.000000e+00  0.000000e+00  0.000000e+00 
 1.786930e-01  6.767580e-01  3.178457e-01 -6.395635e-01  0.000000e+00  0.000000e+00  0.000000e+00 
 1.512909e-01  6.585871e-01  2.817962e-01 -6.811498e-01  0.000000e+00  0.000000e+00  0.000000e+00 
 1.209277e-01  6.372353e-01  2.468179e-01 -7.199921e-01  0.000000e+00  0.000000e+00  0.000000e+00 
 8.783551e-02  6.128089e-01  2.131660e-01 -7.558508e-01  0.000000e+00  0.000000e+00  0.000000e+00 
 5.226510e-02  5.854353e-01  1.810864e-01 -7.885059e-01  0.000000e+00  0.000000e+00  0.000000e+00 
 1.448465e-02  5.552614e-01  1.508135e-01 -8.177593e-01  0.000000e+00  0.000000e+00  0.000000e+00 
-2.522233e-02  5.224531e-01  1.225691e-01 -8.434355e-01  0.000000e+00  0.000000e+00  0.000000e+00 
-6.655887e-02  4.871943e-01  9.656046e-02 -8.653830e-01  0.000000e+00  0.000000e+00  0.000000e+00 
-1.092166e-01  4.496851e-01  7.297925e-02 -8.834756e-01  0.000000e+00  0.000000e+00  0.000000e+00 
-1.528778e-01  4.101410e-01  5.199992e-02 -8.976128e-01  0.000000e+00  0.000000e+00  0.000000e+00 
-1.972176e-01  3.687909e-01  3.377871e-02 -9.077210e-01  0.000000e+00  0.000000e+00  0.000000e+00 
-2.419064e-01  3.258763e-01  1.845252e-02 -9.137535e-01  0.000000e+00  0.000000e+00  0.000000e+00 
-2.866116e-01  2.816488e-01  6.137965e-03 -9.156910e-01  0.000000e+00  0.000000e+00  0.000000e+00 
-3.310005e-01  2.363689e-01 -3.069384e-03 -9.135420e-01  0.000000e+00  0.000000e+00  0.000000e+00 
-3.747421e-01  1.903043e-01 -9.095697e-03 -9.073422e-01  0.000000e+00  0.000000e+00  0.000000e+00 
-4.175097e-01  1.437276e-01 -1.188936e-02 -8.971548e-01  0.000000e+00  0.000000e+00  0.000000e+00 
-4.589828e-01  9.691515e-02 -1.142136e-02 -8.830696e-01  0.000000e+00  0.000000e+00  0.000000e+00 
-4.988494e-01  5.014444e-02 -7.685435e-03 -8.652027e-01  0.000000e+00  0.000000e+00  0.000000e+00 
-5.368086e-01  3.692717e-03 -6.981671e-04 -8.436957e-01  0.000000e+00  0.000000e+00  0.000000e+00 
-5.725718e-01 -4.216509e-02  9.501152e-03 -8.187144e-01  0.000000e+00  0.000000e+00  0.000000e+00 
-6.058654e-01 -8.715822e-02  2.285079e-02 -7.904482e-01  0.000000e+00  0.000000e+00  0.000000e+00 
-6.364322e-01 -1.310219e-01  3.926697e-02 -7.591083e-01  0.000000e+00  0.000000e+00  0.000000e+00 
-6.640336e-01 -1.734991e-01  5.864448e-02 -7.249264e-01  0.000000e+00  0.000000e+00  0.000000e+00 
-6.884506e-01 -2.143424e-01  8.085736e-02 -6.881534e-01  0.000000e+00  0.000000e+00  0.000000e+00 
-7.094862e-01 -2.533156e-01  1.057598e-01 -6.490573e-01  0.000000e+00  0.000000e+00  0.000000e+00 
-7.269658e-01 -2.901952e-01  1.331869e-01 -6.079217e-01  0.000000e+00  0.000000e+00  0.000000e+00 
-7.407389e-01 -3.247722e-01  1.629564e-01 -5.650434e-01  0.000000e+00  0.000000e+00  0.000000e+00 
-7.506803e-01 -3.568533e-01  1.948691e-01 -5.207311e-01  0.000000e+00  0.000000e+00  0.000000e+00 
-7.566905e-01 -3.862622e-01  2.287109e-01 -4.753024e-01  0.000000e+00  0.000000e+00  0.000000e+00 
-7.586966e-01 -4.128409e-01  2.642538e-01 -4.290825e-01  0.000000e+00  0.000000e+00  0.000000e+00 
-7.566530e-01 -4.364507e-01  3.012578e-01 -3.824013e-01  0.000000e+00  0.000000e+00  0.000000e+00 
-7.505413e-01 -4.569733e-01  3.394724e-01 -3.355915e-01  0.000000e+00  0.000000e+00  0.000000e+00 
-7.403707e-01 -4.743114e-01  3.786381e-01 -2.889864e-01  0.000000e+00  0.000000e+00  0.000000e+00 
-7.261780e-01 -4.883892e-01  4.184886e-01 -2.429174e-01  0.000000e+00  0.000000e+00  0.000000e+00 
-7.080271e-01 -4.991536e-01  4.587521e-01 -1.977117e-01  0.000000e+00  0.000000e+00  0.000000e+00 
-6.860089e-01 -5.065736e-01  4.991536e-01 -1.536902e-01  0.000000e+00  0.000000e+00  0.000000e+00 
-6.602403e-01 -5.106413e-01  5.394167e-01 -1.111655e-01  0.000000e+00  0.000000e+00  0.000000e+00 
-6.308638e-01 -5.113716e-01  5.792653e-01 -7.043930e-02  0.000000e+00  0.000000e+00  0.000000e+00 
-5.980463e-01 -5.088020e-01  6.184253e-01 -3.180083e-02  0.000000e+00  0.000000e+00  0.000000e+00 
-5.619779e-01 -5.029926e-01  6.566272e-01  4.475482e-03  0.000000e+00  0.000000e+00  0.000000e+00 
-5.228708e-01 -4.940256e-01  6.936071e-01  3.813174e-02  0.000000e+00  0.000000e+00  0.000000e+00 
-4.809578e-01 -4.820044e-01  7.291092e-01  6.892833e-02  0.000000e+00  0.000000e+00  0.000000e+00 
-4.364907e-01 -4.670535e-01  7.628870e-01  9.664560e-02  0.000000e+00  0.000000e+00  0.000000e+00 
-3.897386e-01 -4.493170e-01  7.947052e-01  1.210853e-01  0.000000e+00  0.000000e+00  0.000000e+00 
-3.409861e-01 -4.289584e-01  8.243414e-01  1.420720e-01  0.000000e+00  0.000000e+00  0.000000e+00 
-2.905312e-01 -4.061584e-01  8.515875e-01  1.594543e-01  0.000000e+00  0.000000e+00  0.000000e+00 
-2.386834e-01 -3.811147e-01  8.762512e-01  1.731058e-01  0.000000e+00  0.000000e+00  0.000000e+00 
-1.857618e-01 -3.540401e-01  8.981572e-01  1.829259e-01  0.000000e+00  0.000000e+00  0.000000e+00 
-1.320926e-01 -3.251611e-01  9.171483e-01  1.888406e-01  0.000000e+00  0.000000e+00  0.000000e+00 
-7.800688e-02 -2.947164e-01  9.330870e-01  1.908032e-01  0.000000e+00  0.000000e+00  0.000000e+00 
-2.383872e-02 -2.629552e-01  9.458557e-01  1.887941e-01  0.000000e+00  0.000000e+00  0.000000e+00 
 3.007746e-02 -2.301359e-01  9.553581e-01  1.828214e-01  0.000000e+00  0.000000e+00  0.000000e+00 
 8.340901e-02 -1.965235e-01  9.615196e-01  1.729206e-01  0.000000e+00  0.000000e+00  0.000000e+00 
 1.358273e-01 -1.623886e-01  9.642877e-01  1.591546e-01  0.000000e+00  0.000000e+00  0.000000e+00 
 1.870100e-01 -1.280052e-01  9.636326e-01  1.416128e-01  0.000000e+00  0.000000e+00  0.000000e+00 
 2.366433e-01 -9.364864e-02  9.595473e-01  1.204112e-01  0.000000e+00  0.000000e+00  0.000000e+00 
 2.844240e-01 -5.959417e-02  9.520477e-01  9.569091e-02  0.000000e+00  0.000000e+00  0.000000e+00 
 3.300614e-01 -2.611469e-02  9.411723e-01  6.761758e-02  0.000000e+00  0.000000e+00  0.000000e+00 
 3.732797e-01  6.520962e-03  9.269823e-01  3.638022e-02  0.000000e+00  0.000000e+00  0.000000e+00 
 4.138194e-01  3.804987e-02  9.095608e-01  2.189824e-03  0.000000e+00  0.000000e+00  0.000000e+00 
 4.514395e-01  6.821685e-02  8.890125e-01 -3.472198e-02  0.000000e+00  0.000000e+00  0.000000e+00 
 4.859188e-01  9.677619e-02  8.654628e-01 -7.410458e-02  0.000000e+00  0.000000e+00  0.000000e+00 
 5.170575e-01  1.234933e-01  8.390571e-01 -1.156900e-01  0.000000e+00  0.000000e+00  0.000000e+00 
 5.446786e-01  1.481465e-01  8.099597e-01 -1.591949e-01  0.000000e+00  0.000000e+00  0.000000e+00 
 5.686292e-01  1.705281e-01  7.783530e-01 -2.043223e-01  0.000000e+00  0.000000e+00  0.000000e+00 
 5.887812e-01  1.904465e-01  7.444356e-01 -2.507637e-01  0.000000e+00  0.000000e+00  0.000000e+00 
 6.050327e-01  2.077267e-01  7.084216e-01 -2.982011e-01  0.000000e+00  0.000000e+00  0.000000e+00 
 6.173080e-01  2.222122e-01  6.705388e-01 -3.463095e-01  0.000000e+00  0.000000e+00  0.000000e+00 
 6.255587e-01  2.337658e-01  6.310273e-01 -3.947586e-01  0.000000e+00  0.000000e+00  0.000000e+00 
 6.297639e-01  2.422703e